PruebadeCarpetas/Basics/DEM.asc
ncols        203
nrows        154
xllcorner    -75.242349208681
yllcorner    2.953391159600
cellsize     0.001605019476
NODATA_value -9999
[rows 0 to 36 of 154, columns 0 to 83 of 203]
-9999 -9999 -9999 -9999 -9999 -9999 380 369 377 377 374 376 -9999 -9999 -9999 -9999 -9999 -9999 -9999 -9999 -9999 -9999 -9999 -9999 -9999 -9999 -9999 -9999 -9999 -9999 -9999 -9999 -9999 -9999 -9999 -9999 -9999 -9999 -9999 -9999 -9999 -9999 -9999 -9999 -9999 -9999 -9999 -9999 -9999 -9999 -9999 -9999 -9999 -9999 -9999 -9999 -9999 -9999 -9999 -9999 -9999 -9999 -9999 -9999 -9999 -9999 -9999 -9999 -9999 -9999 -9999 -9999 -9999 -9999 -9999 -9999 -9999 -9999 -9999 -9999 -9999 -9999 -9999 -9999
-9999 -9999 -9999 -9999 -9999 -9999 377 379 375 374 376 376 378 376 378 377 383 392 390 391 399 -9999 -9999 -9999 -9999 -9999 -9999 -9999 -9999 -9999 -9999 -9999 -9999 -9999 -9999 -9999 -9999 -9999 -9999 -9999 -9999 -9999 -9999 -9999 -9999 -9999 -9999 -9999 -9999 -9999 -9999 -9999 -9999 -9999 -9999 -9999 -9999 -9999 -9999 -9999 -9999 -9999 -9999 -9999 -9999 -9999 -9999 -9999 -9999 -9999 -9999 -9999 -9999 -9999 -9999 -9999 -9999 -9999 -9999 -9999 -9999 -9999 -9999 -9999
-9999 -9999 -9999 -9999 -9999 -9999 378 373 377 376 379 378 376 378 377 379 390 393 393 402 413 -9999 -9999 -9999 -9999 -9999 -9999 -9999 -9999 -9999 -9999 -9999 -9999 -9999 -9999 -9999 -9999 -9999 -9999 -9999 -9999 -9999 -9999 -9999 -9999 -9999 -9999 -9999 -9999 -9999 -9999 -9999 -9999 -9999 -9999 -9999 -9999 -9999 -9999 -9999 -9999 -9999 -9999 -9999 -9999 -9999 -9999 -9999 -9999 -9999 -9999 -9999 -9999 -9999 -9999 -9999 -9999 -9999 -9999 -9999 -9999 -9999 -9999 -9999
-9999 -9999 -9999 -9999 -9999 -9999 377 379 379 377 377 376 377 377 382 380 390 390 399 409 439 -9999 -9999 -9999 -9999 -9999 -9999 -9999 -9999 -9999 -9999 -9999 -9999 -9999 -9999 -9999 -9999 -9999 -9999 -9999 -9999 -9999 -9999 -9999 -9999 -9999 -9999 -9999 -9999 -9999 -9999 -9999 -9999 -9999 -9999 -9999 -9999 -9999 -9999 -9999 -9999 -9999 -9999 -9999 -9999 -9999 -9999 -9999 -9999 -9999 -9999 -9999 -9999 -9999 -9999 -9999 -9999 -9999 -9999 -9999 -9999 -9999 -9999 -9999
-9999 -9999 -9999 -9999 -9999 -9999 376 377 380 378 378 377 375 377 379 386 388 391 392 408 410 404 -9999 -9999 -9999 -9999 -9999 -9999 -9999 -9999 -9999 -9999 -9999 -9999 -9999 -9999 -9999 -9999 -9999 -9999 -9999 -9999 -9999 -9999 -9999 -9999 -9999 -9999 -9999 -9999 -9999 -9999 -9999 -9999 -9999 -9999 -9999 -9999 -9999 -9999 -9999 -9999 -9999 -9999 -9999 -9999 -9999 -9999 -9999 -9999 -9999 -9999 -9999 -9999 -9999 -9999 -9999 -9999 -9999 -9999 -9999 -9999 -9999 -9999
-9999 -9999 -9999 -9999 -9999 -9999 376 381 379 378 377 377 378 380 379 393 392 388 393 396 394 399 -9999 -9999 -9999 -9999 -9999 -9999 -9999 -9999 -9999 -9999 -9999 -9999 -9999 -9999 -9999 -9999 -9999 -9999 -9999 -9999 -9999 -9999 -9999 -9999 -9999 -9999 -9999 -9999 -9999 -9999 -9999 -9999 -9999 -9999 -9999 -9999 -9999 -9999 -9999 -9999 -9999 -9999 -9999 -9999 -9999 -9999 -9999 -9999 -9999 -9999 -9999 -9999 -9999 -9999 -9999 -9999 -9999 -9999 -9999 -9999 -9999 -9999
-9999 391 387 385 388 380 382 380 385 383 386 384 382 389 391 393 398 394 402 409 404 424 442 -9999 -9999 -9999 -9999 -9999 -9999 -9999 -9999 -9999 -9999 -9999 -9999 -9999 -9999 -9999 -9999 -9999 -9999 -9999 -9999 -9999 -9999 -9999 -9999 -9999 -9999 -9999 -9999 -9999 -9999 -9999 -9999 -9999 -9999 -9999 -9999 -9999 -9999 -9999 -9999 -9999 -9999 -9999 -9999 -9999 -9999 -9999 -9999 -9999 -9999 -9999 -9999 -9999 -9999 -9999 -9999 -9999 -9999 -9999 -9999 -9999
-9999 387 385 384 386 389 382 382 379 384 388 391 390 395 390 394 403 405 411 435 426 419 451 450 -9999 -9999 -9999 -9999 -9999 -9999 -9999 -9999 -9999 -9999 -9999 -9999 -9999 -9999 -9999 -9999 -9999 -9999 -9999 -9999 -9999 -9999 -9999 -9999 -9999 -9999 -9999 -9999 -9999 -9999 -9999 -9999 -9999 -9999 -9999 -9999 -9999 -9999 -9999 -9999 -9999 -9999 -9999 -9999 -9999 -9999 -9999 -9999 -9999 -9999 -9999 -9999 -9999 -9999 -9999 -9999 -9999 -9999 -9999 -9999
-9999 392 391 401 390 382 379 380 381 381 384 389 392 398 396 398 400 400 407 427 447 432 423 441 454 -9999 -9999 -9999 -9999 -9999 -9999 -9999 -9999 -9999 471 473 467 469 469 469 471 472 471 475 475 476 474 477 -9999 -9999 -9999 -9999 -9999 -9999 -9999 -9999 -9999 -9999 -9999 -9999 -9999 -9999 -9999 -9999 -9999 -9999 -9999 -9999 -9999 -9999 -9999 -9999 -9999 -9999 -9999 -9999 -9999 -9999 -9999 -9999 -9999 -9999 -9999 -9999
394 393 395 393 399 382 379 381 385 382 381 385 394 395 397 397 403 410 415 427 426 447 450 426 441 459 438 -9999 -9999 -9999 -9999 -9999 467 478 475 473 469 469 470 473 472 472 474 471 476 477 475 480 483 483 -9999 -9999 -9999 -9999 -9999 -9999 -9999 -9999 -9999 -9999 -9999 -9999 -9999 -9999 -9999 -9999 -9999 -9999 -9999 -9999 -9999 -9999 -9999 -9999 -9999 -9999 -9999 -9999 -9999 -9999 -9999 -9999 -9999 -9999
407 402 403 404 407 391 382 382 381 384 385 386 387 385 388 398 397 398 406 445 453 451 456 443 453 457 440 448 -9999 -9999 442 459 473 477 474 474 476 457 469 470 473 472 474 476 478 478 478 480 481 485 485 -9999 -9999 -9999 -9999 -9999 -9999 -9999 -9999 -9999 -9999 -9999 -9999 -9999 -9999 -9999 -9999 -9999 -9999 -9999 -9999 -9999 -9999 -9999 -9999 -9999 -9999 -9999 -9999 -9999 -9999 -9999 -9999 -9999
428 403 408 431 424 395 384 383 380 381 380 383 385 385 390 396 418 415 413 448 445 455 457 456 462 454 456 440 449 456 439 442 461 452 462 471 471 463 445 469 445 453 467 476 478 479 478 482 484 485 487 488 494 497 500 -9999 -9999 -9999 -9999 -9999 -9999 -9999 -9999 -9999 -9999 -9999 -9999 -9999 -9999 -9999 -9999 -9999 -9999 -9999 -9999 -9999 -9999 -9999 -9999 -9999 -9999 -9999 -9999 -9999
-9999 411 430 431 425 401 401 387 383 383 384 383 382 387 388 390 423 432 411 419 449 452 458 458 440 446 451 419 426 420 436 447 472 433 443 465 449 438 446 446 442 472 461 472 476 477 482 482 482 483 482 469 493 499 506 507 -9999 -9999 -9999 -9999 -9999 -9999 -9999 -9999 -9999 -9999 -9999 -9999 -9999 -9999 -9999 -9999 -9999 -9999 -9999 -9999 -9999 -9999 -9999 -9999 -9999 -9999 -9999 -9999
-9999 -9999 433 449 434 412 425 394 393 389 389 388 388 387 389 387 410 430 437 439 451 451 445 450 429 430 413 421 423 432 443 455 444 426 443 469 438 426 435 429 440 458 472 473 477 480 482 482 463 473 456 468 480 488 505 517 -9999 -9999 -9999 -9999 -9999 -9999 -9999 -9999 -9999 -9999 -9999 -9999 -9999 -9999 -9999 -9999 -9999 -9999 -9999 -9999 -9999 -9999 -9999 -9999 -9999 -9999 -9999 -9999
-9999 -9999 -9999 448 447 441 426 408 409 397 388 391 394 393 390 390 404 421 435 438 438 427 416 423 432 420 412 414 412 442 435 430 426 432 450 437 426 420 425 428 447 462 476 474 480 483 482 481 446 451 459 460 469 488 508 521 491 -9999 -9999 -9999 -9999 -9999 -9999 -9999 -9999 -9999 -9999 -9999 -9999 -9999 -9999 -9999 -9999 -9999 -9999 -9999 -9999 -9999 -9999 -9999 -9999 -9999 -9999 -9999
-9999 -9999 -9999 449 448 449 419 432 430 401 393 396 395 392 388 388 402 411 432 428 436 417 419 416 425 417 408 412 411 430 421 427 424 424 431 426 421 421 428 426 433 442 470 465 472 481 478 472 445 454 457 457 470 482 499 523 502 -9999 -9999 -9999 -9999 -9999 -9999 -9999 -9999 -9999 -9999 -9999 -9999 -9999 -9999 -9999 -9999 -9999 -9999 -9999 -9999 -9999 -9999 -9999 -9999 -9999 -9999 -9999
-9999 -9999 -9999 450 446 444 444 431 433 415 396 395 393 392 390 390 396 402 410 404 407 400 407 412 405 408 404 413 424 413 415 419 418 415 414 422 420 416 423 428 432 436 442 446 444 447 446 442 440 447 452 454 461 497 500 530 527 508 -9999 -9999 -9999 -9999 -9999 -9999 -9999 -9999 -9999 -9999 -9999 -9999 -9999 -9999 -9999 -9999 -9999 -9999 -9999 -9999 -9999 -9999 -9999 -9999 509 518
-9999 -9999 -9999 -9999 445 450 431 419 411 402 403 398 397 389 393 390 392 396 404 402 397 402 404 403 400 398 402 407 408 408 409 408 414 412 412 415 415 417 421 427 435 437 440 441 434 437 434 439 447 458 469 462 460 488 510 519 521 525 -9999 -9999 -9999 -9999 -9999 -9999 -9999 -9999 -9999 -9999 -9999 -9999 -9999 -9999 -9999 -9999 -9999 -9999 -9999 -9999 -9999 -9999 -9999 501 509 519
-9999 -9999 -9999 -9999 449 448 446 420 421 417 403 396 395 393 393 392 395 397 395 397 392 391 395 400 394 396 396 398 400 401 401 403 406 405 407 413 411 413 421 428 434 429 433 439 429 431 433 446 444 455 474 481 467 477 479 488 496 508 540 520 528 526 -9999 -9999 -9999 -9999 -9999 -9999 -9999 -9999 -9999 -9999 -9999 -9999 -9999 -9999 -9999 -9999 -9999 504 504 510 515 517
-9999 -9999 -9999 -9999 -9999 448 444 424 442 414 406 400 399 396 391 393 395 394 394 391 392 397 395 396 397 396 397 397 396 397 401 403 402 404 405 412 410 413 418 428 429 426 430 432 424 425 430 445 460 457 459 485 478 471 486 501 520 525 541 559 544 508 513 515 518 509 503 503 499 502 -9999 -9999 -9999 -9999 -9999 -9999 500 499 500 510 508 502 501 507
-9999 -9999 -9999 -9999 -9999 -9999 448 441 442 420 408 413 415 397 393 391 390 397 394 397 396 395 393 397 401 395 398 399 400 398 400 400 402 405 406 406 410 417 420 428 423 424 431 429 425 427 431 436 444 461 465 473 485 493 484 499 527 549 578 558 534 513 496 512 514 503 503 494 491 498 500 -9999 -9999 -9999 -9999 503 505 510 505 500 503 501 496 502
-9999 -9999 -9999 -9999 -9999 -9999 451 449 454 422 417 434 405 399 400 396 395 395 394 399 402 405 406 401 401 402 398 404 402 402 400 400 399 402 407 407 406 413 425 424 417 425 428 424 426 427 430 438 443 445 468 481 491 497 518 514 538 551 548 536 512 507 494 508 509 495 496 484 483 489 499 504 500 504 502 505 504 502 492 492 496 495 488 491
-9999 -9999 -9999 -9999 -9999 446 450 449 434 416 415 407 400 404 408 406 405 401 395 398 405 406 406 406 404 410 403 398 398 400 401 405 400 404 409 405 407 412 417 415 419 425 428 421 424 429 433 438 449 456 460 476 498 513 504 504 500 504 507 521 514 489 484 491 501 500 484 479 485 483 499 500 495 494 493 497 492 490 488 487 483 484 485 491
-9999 -9999 -9999 -9999 -9999 450 452 449 437 415 406 403 410 413 421 411 416 425 404 398 403 405 411 408 405 410 414 412 413 407 405 407 402 408 410 409 404 410 412 413 418 420 421 421 426 425 427 431 438 444 454 467 476 490 486 492 490 486 497 504 505 494 477 499 493 489 487 474 481 483 493 497 485 491 496 493 486 484 477 480 481 484 483 487
-9999 -9999 -9999 -9999 449 448 452 446 440 414 404 411 416 428 427 414 416 420 417 407 404 415 410 412 409 416 413 416 415 413 411 414 413 412 410 404 409 413 413 413 413 416 420 420 425 429 433 436 438 447 456 473 484 503 475 476 502 488 482 484 488 485 475 489 484 484 478 470 469 486 489 487 483 493 502 488 481 479 474 474 482 496 504 491
-9999 -9999 -9999 452 451 453 452 439 417 409 412 423 411 428 427 413 415 416 412 415 409 425 426 415 413 431 421 421 420 421 413 416 416 414 411 406 409 411 416 413 408 417 418 423 428 432 454 447 456 475 466 479 488 483 472 478 492 484 476 470 475 479 470 481 472 477 476 467 476 486 485 476 480 489 494 493 487 472 473 478 490 503 505 502
-9999 -9999 -9999 445 449 450 452 426 425 411 415 434 412 417 422 421 420 420 409 412 410 429 434 420 419 430 423 428 428 431 418 418 417 414 414 407 407 412 411 410 415 417 418 420 426 430 451 467 460 480 482 483 487 474 472 471 497 480 482 461 467 469 466 470 473 473 471 467 475 483 480 479 480 486 488 488 477 471 471 483 501 504 495 500
-9999 -9999 -9999 437 439 449 450 441 437 418 410 431 418 415 417 422 424 420 420 409 418 436 462 420 431 445 428 432 443 439 423 432 460 436 411 410 414 411 409 413 410 419 427 431 441 447 456 454 459 477 504 499 479 466 460 487 483 471 462 463 458 457 467 473 473 463 460 475 476 472 475 473 476 483 496 482 471 468 476 483 497 497 494 488
-9999 -9999 -9999 451 453 445 453 455 443 415 418 419 420 420 415 426 424 423 419 412 415 429 438 422 433 453 430 441 447 433 439 466 466 447 411 417 421 417 409 414 413 420 436 428 433 436 443 448 461 465 475 484 478 473 454 463 466 462 465 458 454 460 464 470 461 462 466 474 480 481 479 470 478 497 484 471 467 469 474 486 481 480 483 486
-9999 -9999 -9999 452 456 448 455 457 454 428 432 431 432 431 426 423 439 435 423 417 418 440 442 424 434 450 442 447 456 441 462 454 441 438 416 427 459 430 416 416 416 422 424 433 439 443 447 443 463 455 472 469 475 476 457 454 469 467 462 464 450 466 467 464 460 454 467 472 477 479 471 469 469 481 479 467 469 475 494 474 475 482 485 492
-9999 -9999 -9999 457 455 452 460 458 453 423 427 455 455 452 442 428 441 441 430 418 421 462 440 427 430 439 455 457 448 438 445 441 426 422 420 434 466 427 419 415 418 423 440 447 456 463 451 438 444 450 478 471 465 468 451 445 456 458 450 453 448 465 470 474 452 465 474 469 479 506 489 467 470 482 482 466 470 477 473 474 480 485 493 492
-9999 -9999 -9999 457 456 458 458 460 428 435 428 451 463 450 433 442 449 440 434 420 430 435 440 439 437 453 455 452 438 448 438 425 423 418 437 449 478 459 423 414 423 426 432 437 460 469 466 434 453 471 483 466 478 474 450 443 444 440 445 445 449 458 465 465 451 473 473 491 489 478 470 461 463 475 463 465 466 470 472 484 496 500 500 503
-9999 -9999 -9999 458 462 458 459 446 431 435 444 450 457 445 445 449 455 453 445 422 427 437 448 446 449 448 444 440 435 423 421 419 421 423 436 444 442 428 420 420 415 421 428 448 474 464 446 439 471 461 473 454 478 467 457 444 439 438 441 443 440 445 449 448 445 449 464 478 476 465 456 460 468 470 464 461 464 477 480 485 488 491 495 510
-9999 -9999 -9999 459 459 462 462 452 433 441 461 458 456 444 447 451 445 442 433 429 426 433 438 449 454 440 430 424 425 426 429 428 424 427 446 455 423 417 440 417 413 414 420 430 459 446 427 434 451 456 474 452 469 478 445 435 442 442 440 441 442 445 444 443 445 448 451 453 450 451 457 466 460 471 462 469 468 474 479 482 482 487 495 501
-9999 -9999 -9999 -9999 -9999 -9999 -9999 447 445 437 443 452 462 445 455 454 450 445 447 436 433 443 444 446 455 460 442 427 422 432 431 434 451 448 460 467 433 429 442 418 413 416 418 423 430 428 422 434 439 466 459 449 467 466 442 440 441 440 441 440 443 445 442 444 449 449 454 453 449 451 455 456 455 459 465 467 464 468 475 478 478 484 488 495
-9999 -9999 -9999 -9999 -9999 -9999 -9999 -9999 445 445 451 457 465 457 457 467 470 460 445 443 429 448 447 455 457 460 441 430 430 432 447 455 473 472 469 468 432 427 433 415 418 417 417 419 422 420 423 430 436 461 438 470 479 447 437 434 439 437 444 444 449 450 451 452 454 450 449 447 447 451 468 464 457 464 464 468 466 476 474 480 484 483 488 492
-9999 -9999 -9999 -9999 -9999 -9999 -9999 -9999 -9999 471 458 466 473 468 481 472 456 446 439 438 432 445 456 460 458 449 443 429 430 430 445 473 474 469 472 470 446 438 437 429 415 420 416 420 422 421 420 424 430 434 460 477 460 436 437 436 444 448 446 449 449 451 455 452 456 449 455 449 450 464 476 478 462 462 470 471 474 477 478 479 480 488 495 514
