PruebadeCarpetas/Basics/DEM.asc
ncols        203
nrows        154
xllcorner    -75.242349208681
yllcorner    2.953391159600
cellsize     0.001605019476
NODATA_value -9999
[rows 37 to 73 of 154, columns 0 to 83 of 203]
-9999 -9999 -9999 -9999 -9999 -9999 -9999 -9999 -9999 -9999 -9999 -9999 -9999 -9999 -9999 457 451 445 438 437 436 445 453 455 447 439 437 434 428 435 448 476 478 479 476 462 445 437 444 466 429 426 427 439 424 424 422 423 436 449 468 471 460 435 438 439 446 446 456 471 467 460 459 467 455 457 453 456 458 464 474 478 469 500 522 493 506 496 497 504 499 501 523 544
-9999 -9999 -9999 -9999 -9999 -9999 -9999 -9999 -9999 -9999 -9999 -9999 -9999 -9999 -9999 -9999 450 450 442 445 446 446 453 473 455 459 438 434 433 439 439 470 482 478 475 456 435 439 466 480 458 435 440 467 439 428 424 423 442 445 436 430 436 430 431 440 445 448 452 463 481 483 477 474 456 458 455 460 462 463 469 475 481 497 530 528 541 543 543 546 545 548 550 552
-9999 -9999 -9999 -9999 -9999 -9999 -9999 -9999 -9999 -9999 -9999 -9999 -9999 -9999 -9999 -9999 -9999 452 452 447 449 459 466 467 472 444 429 432 436 440 441 468 478 475 476 451 437 449 462 467 447 445 457 465 454 433 428 427 422 426 431 427 423 434 438 445 446 447 453 463 484 488 484 471 458 461 462 463 458 464 474 478 482 510 513 505 536 533 539 543 545 548 549 548
-9999 -9999 -9999 -9999 -9999 -9999 -9999 -9999 -9999 -9999 -9999 -9999 -9999 -9999 -9999 -9999 -9999 -9999 460 456 449 484 461 454 457 436 434 437 437 442 442 453 480 480 472 446 443 460 464 461 442 458 458 455 437 435 433 432 429 433 426 431 439 438 437 443 454 457 474 463 467 504 509 471 464 462 461 457 459 461 461 466 477 487 484 500 517 539 541 546 545 545 548 550
-9999 -9999 -9999 -9999 -9999 -9999 -9999 -9999 -9999 -9999 -9999 -9999 -9999 -9999 -9999 -9999 -9999 -9999 -9999 463 457 471 461 449 444 437 435 441 439 442 444 448 480 477 468 450 444 458 468 463 454 459 466 458 435 451 438 440 433 433 431 433 448 451 443 444 451 462 468 464 466 472 487 502 471 465 464 455 462 460 462 467 478 479 481 499 502 508 538 542 543 543 542 543
-9999 -9999 -9999 -9999 -9999 -9999 -9999 -9999 -9999 -9999 -9999 -9999 -9999 -9999 -9999 -9999 -9999 -9999 -9999 -9999 -9999 462 490 476 444 438 438 446 444 444 448 448 476 488 479 460 443 460 476 493 463 481 473 456 442 450 449 457 460 437 440 432 441 459 455 453 451 453 454 456 458 484 515 497 488 480 473 465 458 461 463 466 472 503 514 500 512 509 536 535 531 530 527 527
-9999 -9999 -9999 -9999 -9999 -9999 -9999 -9999 -9999 -9999 -9999 -9999 -9999 -9999 -9999 -9999 -9999 -9999 -9999 -9999 -9999 -9999 476 483 446 438 443 442 445 444 449 454 468 489 477 454 449 459 470 480 477 484 476 456 448 460 452 464 448 442 441 438 440 458 452 462 453 453 457 461 457 482 503 513 513 486 476 470 464 461 462 467 472 492 522 522 526 510 526 527 528 518 521 522
-9999 -9999 -9999 -9999 -9999 -9999 -9999 -9999 -9999 -9999 -9999 -9999 -9999 -9999 -9999 -9999 -9999 -9999 -9999 -9999 -9999 -9999 454 471 468 441 441 441 441 443 449 451 464 487 469 478 451 451 457 464 495 500 472 455 456 465 479 452 460 459 438 439 442 456 458 453 460 456 458 466 479 466 474 484 496 508 511 474 467 463 465 464 466 475 498 521 524 523 527 528 522 509 510 511
-9999 -9999 -9999 -9999 -9999 -9999 -9999 -9999 -9999 -9999 -9999 -9999 -9999 -9999 -9999 -9999 -9999 -9999 -9999 -9999 -9999 -9999 -9999 460 469 445 437 441 446 444 444 450 459 482 485 469 461 453 483 492 497 511 465 474 474 480 466 463 464 452 439 442 446 461 458 459 468 459 459 500 478 468 503 490 504 515 507 480 473 467 468 470 466 467 482 519 523 523 525 514 507 500 506 509
-9999 -9999 -9999 -9999 -9999 -9999 -9999 -9999 -9999 -9999 -9999 -9999 -9999 -9999 -9999 -9999 -9999 -9999 -9999 -9999 -9999 -9999 -9999 -9999 465 450 443 447 445 447 446 454 462 472 482 487 470 456 468 487 493 497 494 501 495 515 473 483 462 451 442 444 450 459 467 479 474 483 470 516 506 493 489 508 498 511 496 480 476 482 470 465 464 462 471 482 489 488 482 487 490 491 500 505
-9999 -9999 -9999 -9999 -9999 -9999 -9999 -9999 -9999 -9999 -9999 -9999 -9999 -9999 -9999 -9999 -9999 -9999 -9999 -9999 -9999 -9999 -9999 -9999 461 465 465 450 448 450 446 450 470 489 499 492 485 468 471 470 484 490 494 499 505 505 490 472 475 462 445 447 450 452 465 472 507 512 489 512 503 508 479 503 505 515 508 503 494 497 473 471 468 467 473 471 474 476 480 481 485 482 483 488
-9999 -9999 -9999 -9999 -9999 -9999 -9999 -9999 -9999 -9999 -9999 -9999 -9999 -9999 -9999 -9999 -9999 -9999 -9999 -9999 -9999 -9999 -9999 -9999 484 488 483 459 471 456 453 449 453 478 476 484 491 498 487 481 474 479 487 484 483 488 486 460 458 460 449 441 446 449 455 458 488 514 516 499 510 499 491 491 501 535 528 512 515 488 487 489 468 467 470 469 475 475 476 477 485 480 486 488
-9999 -9999 -9999 -9999 -9999 -9999 -9999 -9999 -9999 -9999 -9999 -9999 -9999 -9999 -9999 -9999 -9999 -9999 -9999 -9999 -9999 -9999 -9999 -9999 -9999 -9999 487 483 469 478 458 456 455 458 465 480 489 506 496 504 492 501 498 490 481 468 466 461 454 454 451 458 455 447 449 451 472 502 502 508 513 507 507 509 500 528 546 532 511 504 492 500 493 485 484 473 471 475 474 477 481 495 485 487
-9999 -9999 -9999 -9999 -9999 -9999 -9999 -9999 -9999 -9999 -9999 -9999 -9999 -9999 -9999 -9999 -9999 -9999 -9999 -9999 -9999 -9999 -9999 -9999 -9999 -9999 -9999 -9999 -9999 497 491 468 455 457 460 464 477 492 501 514 502 527 553 524 497 500 486 475 468 464 453 474 458 453 453 452 458 465 474 505 530 527 513 532 537 508 552 524 515 514 511 517 504 492 497 492 476 475 481 480 495 503 497 499
-9999 -9999 -9999 -9999 -9999 -9999 -9999 -9999 -9999 -9999 -9999 -9999 -9999 -9999 -9999 -9999 -9999 -9999 -9999 -9999 -9999 -9999 -9999 -9999 -9999 -9999 -9999 -9999 -9999 -9999 492 467 461 458 459 461 467 480 484 487 488 506 525 559 538 527 514 487 485 464 467 490 488 478 471 458 454 455 455 488 502 509 533 517 540 529 565 576 556 554 554 525 510 499 497 498 498 487 483 484 503 508 513 522
-9999 -9999 -9999 -9999 -9999 -9999 -9999 -9999 -9999 -9999 -9999 -9999 -9999 -9999 -9999 -9999 -9999 -9999 -9999 -9999 -9999 -9999 -9999 -9999 -9999 -9999 -9999 -9999 -9999 -9999 -9999 492 465 460 461 463 468 485 488 476 478 487 504 516 540 562 552 506 473 466 468 490 520 499 491 518 493 482 460 490 515 522 508 517 513 518 559 602 607 598 595 546 521 508 507 500 493 500 493 484 492 488 491 496
-9999 -9999 -9999 -9999 -9999 -9999 -9999 -9999 -9999 -9999 -9999 -9999 -9999 -9999 -9999 -9999 -9999 -9999 -9999 -9999 -9999 -9999 -9999 -9999 -9999 -9999 -9999 -9999 -9999 -9999 -9999 505 487 480 460 462 461 466 474 473 476 488 504 510 530 554 557 498 491 471 498 513 558 548 507 554 510 493 467 491 504 511 498 510 494 511 540 575 600 612 612 588 571 531 529 522 501 503 496 485 487 488 489 492
-9999 -9999 -9999 -9999 -9999 -9999 -9999 -9999 -9999 -9999 -9999 -9999 -9999 -9999 -9999 -9999 -9999 -9999 -9999 -9999 -9999 -9999 -9999 -9999 -9999 -9999 -9999 -9999 -9999 -9999 -9999 -9999 494 487 461 458 462 464 472 472 475 486 496 498 524 537 562 499 502 482 534 532 557 559 526 530 501 478 466 495 489 505 487 499 497 520 521 563 588 595 606 606 593 550 557 533 516 509 503 489 491 491 492 494
-9999 -9999 -9999 -9999 -9999 -9999 -9999 -9999 -9999 -9999 -9999 -9999 -9999 -9999 -9999 -9999 -9999 -9999 -9999 -9999 -9999 -9999 -9999 -9999 -9999 -9999 -9999 -9999 -9999 -9999 -9999 -9999 -9999 495 491 473 462 472 475 475 477 481 497 512 506 524 570 552 510 506 533 559 558 557 559 521 487 474 490 480 475 477 481 496 498 518 530 538 545 534 561 607 621 607 578 562 552 528 525 505 510 508 498 504
-9999 -9999 -9999 -9999 -9999 -9999 -9999 -9999 -9999 -9999 -9999 -9999 -9999 -9999 -9999 -9999 -9999 -9999 -9999 -9999 -9999 -9999 -9999 -9999 -9999 -9999 -9999 -9999 -9999 -9999 -9999 -9999 -9999 -9999 489 500 482 487 476 475 471 478 493 499 506 525 562 557 533 559 556 561 561 559 552 512 492 488 539 516 494 487 482 488 494 511 522 504 512 546 583 608 620 624 608 587 579 568 543 524 528 521 516 511
-9999 -9999 -9999 -9999 -9999 -9999 -9999 -9999 -9999 -9999 -9999 -9999 -9999 -9999 -9999 -9999 -9999 -9999 -9999 -9999 -9999 -9999 -9999 -9999 -9999 -9999 -9999 -9999 -9999 -9999 -9999 -9999 -9999 -9999 -9999 512 503 495 489 472 471 472 492 498 508 515 523 557 555 561 559 562 564 561 549 527 496 494 536 551 523 496 482 478 481 488 491 534 559 559 577 599 605 612 625 619 613 596 537 563 556 534 533 530
-9999 -9999 -9999 -9999 -9999 -9999 -9999 -9999 -9999 -9999 -9999 -9999 -9999 -9999 -9999 -9999 -9999 -9999 -9999 -9999 -9999 -9999 -9999 -9999 -9999 -9999 -9999 -9999 -9999 -9999 -9999 -9999 -9999 -9999 -9999 -9999 510 502 500 484 472 474 492 496 500 503 516 542 558 560 563 564 565 562 563 543 512 499 528 560 550 518 486 489 488 486 488 525 538 516 550 543 562 586 619 628 629 615 573 576 585 580 551 549
-9999 -9999 -9999 -9999 -9999 -9999 -9999 -9999 -9999 -9999 -9999 -9999 -9999 -9999 -9999 -9999 -9999 -9999 -9999 -9999 -9999 -9999 -9999 -9999 -9999 -9999 -9999 -9999 -9999 -9999 -9999 -9999 -9999 -9999 -9999 -9999 -9999 515 510 494 476 477 481 488 491 499 506 514 544 556 563 563 567 565 565 562 539 517 515 555 559 540 493 490 509 491 490 498 499 519 515 514 546 602 623 629 631 629 628 616 612 593 575 574
-9999 -9999 -9999 -9999 -9999 -9999 -9999 -9999 -9999 -9999 -9999 -9999 -9999 -9999 -9999 -9999 -9999 -9999 -9999 -9999 -9999 -9999 -9999 -9999 -9999 -9999 -9999 -9999 -9999 -9999 -9999 -9999 -9999 -9999 -9999 -9999 -9999 526 505 488 480 479 481 483 486 488 499 509 526 544 558 564 566 567 565 562 540 540 544 559 563 554 507 487 509 514 490 492 493 495 502 523 563 583 600 617 622 631 635 640 641 632 620 599
-9999 -9999 -9999 -9999 -9999 -9999 -9999 -9999 -9999 -9999 -9999 -9999 -9999 -9999 -9999 -9999 -9999 -9999 -9999 -9999 -9999 -9999 -9999 -9999 -9999 -9999 -9999 -9999 -9999 -9999 -9999 -9999 -9999 -9999 -9999 -9999 -9999 535 510 511 487 483 483 483 487 489 490 499 512 533 543 558 568 570 567 562 559 557 552 560 563 567 552 508 491 519 545 522 506 497 496 503 526 543 554 561 578 593 603 625 632 642 642 630
-9999 -9999 -9999 -9999 -9999 -9999 -9999 -9999 -9999 -9999 -9999 -9999 -9999 -9999 -9999 -9999 -9999 -9999 -9999 -9999 -9999 -9999 -9999 -9999 -9999 -9999 -9999 -9999 -9999 -9999 -9999 -9999 -9999 -9999 -9999 -9999 -9999 -9999 515 525 509 496 483 484 486 488 490 494 500 504 511 543 565 568 565 562 560 562 563 562 566 566 565 530 508 511 559 570 554 550 532 503 504 509 516 533 535 554 574 594 617 641 644 652
-9999 -9999 -9999 -9999 -9999 -9999 -9999 -9999 -9999 -9999 -9999 -9999 -9999 -9999 -9999 -9999 -9999 -9999 -9999 -9999 -9999 -9999 -9999 -9999 -9999 -9999 -9999 -9999 -9999 -9999 -9999 -9999 -9999 -9999 -9999 -9999 -9999 -9999 -9999 539 549 531 502 484 489 490 492 495 499 498 505 529 544 561 566 560 562 563 564 564 566 572 568 571 549 503 515 545 567 575 577 523 507 522 559 567 596 613 609 618 641 647 651 653
-9999 -9999 -9999 -9999 -9999 -9999 -9999 -9999 -9999 -9999 -9999 -9999 -9999 -9999 -9999 -9999 -9999 -9999 -9999 -9999 -9999 -9999 -9999 -9999 -9999 -9999 -9999 -9999 -9999 -9999 -9999 -9999 -9999 -9999 -9999 -9999 -9999 -9999 -9999 539 545 548 527 513 489 489 491 493 496 497 500 508 519 530 544 556 564 564 564 565 568 569 570 571 570 517 505 551 575 578 579 536 511 516 535 557 591 624 634 640 643 646 647 646
-9999 -9999 -9999 -9999 -9999 -9999 -9999 -9999 -9999 -9999 -9999 -9999 -9999 -9999 -9999 -9999 -9999 -9999 -9999 -9999 -9999 -9999 -9999 -9999 -9999 -9999 -9999 -9999 -9999 -9999 -9999 -9999 -9999 -9999 -9999 -9999 -9999 -9999 -9999 503 500 533 541 539 515 517 494 491 495 497 499 505 516 512 524 541 558 561 564 564 564 570 572 572 574 558 514 526 557 576 579 580 538 514 516 530 544 587 595 622 624 612 614 643
-9999 -9999 -9999 -9999 -9999 -9999 -9999 -9999 -9999 -9999 -9999 -9999 -9999 -9999 -9999 -9999 -9999 -9999 -9999 -9999 -9999 -9999 -9999 -9999 -9999 -9999 -9999 -9999 -9999 -9999 -9999 -9999 -9999 -9999 -9999 -9999 -9999 -9999 -9999 -9999 492 516 534 537 532 542 513 504 497 502 503 510 514 508 518 525 536 554 563 565 567 573 572 572 576 573 553 517 531 572 581 585 579 554 540 526 524 528 541 566 568 586 631 647
-9999 -9999 -9999 -9999 -9999 -9999 -9999 -9999 -9999 -9999 -9999 -9999 -9999 -9999 -9999 -9999 -9999 -9999 -9999 -9999 -9999 -9999 -9999 -9999 -9999 -9999 -9999 -9999 -9999 -9999 -9999 -9999 -9999 -9999 -9999 -9999 -9999 -9999 -9999 -9999 497 528 527 540 544 544 542 542 520 507 525 508 507 507 519 515 529 535 540 563 568 572 574 571 580 576 564 524 531 538 576 584 586 587 575 566 545 526 534 534 562 599 602 631
-9999 -9999 -9999 -9999 -9999 -9999 -9999 -9999 -9999 -9999 -9999 -9999 -9999 -9999 -9999 -9999 -9999 -9999 -9999 -9999 -9999 -9999 -9999 -9999 -9999 -9999 -9999 -9999 -9999 -9999 -9999 -9999 -9999 -9999 -9999 -9999 -9999 -9999 -9999 -9999 -9999 -9999 -9999 -9999 535 544 551 541 519 511 524 516 509 508 510 524 520 517 535 550 563 571 572 575 576 581 571 551 566 533 573 583 587 592 590 595 580 561 563 538 549 563 601 594
-9999 -9999 -9999 -9999 -9999 -9999 -9999 -9999 -9999 -9999 -9999 -9999 -9999 -9999 -9999 -9999 -9999 -9999 -9999 -9999 -9999 -9999 -9999 -9999 -9999 -9999 -9999 -9999 -9999 -9999 -9999 -9999 -9999 -9999 -9999 -9999 -9999 -9999 -9999 -9999 -9999 -9999 -9999 -9999 -9999 524 555 549 528 523 520 528 512 511 514 525 519 515 523 541 567 569 577 578 579 581 569 563 581 560 566 588 585 593 593 595 597 579 581 553 548 598 606 632
-9999 -9999 -9999 -9999 -9999 -9999 -9999 -9999 -9999 -9999 -9999 -9999 -9999 -9999 -9999 -9999 -9999 -9999 -9999 -9999 -9999 -9999 -9999 -9999 -9999 -9999 -9999 -9999 -9999 -9999 -9999 -9999 -9999 -9999 -9999 -9999 -9999 -9999 -9999 -9999 -9999 -9999 -9999 -9999 -9999 -9999 -9999 563 546 526 516 530 522 515 517 525 529 528 520 530 550 571 572 580 581 582 581 570 584 586 572 566 587 592 592 599 600 601 598 563 548 580 631 628
-9999 -9999 -9999 -9999 -9999 -9999 -9999 -9999 -9999 -9999 -9999 -9999 -9999 -9999 -9999 -9999 -9999 -9999 -9999 -9999 -9999 -9999 -9999 -9999 -9999 -9999 -9999 -9999 -9999 -9999 -9999 -9999 -9999 -9999 -9999 -9999 -9999 -9999 -9999 -9999 -9999 -9999 -9999 -9999 -9999 -9999 -9999 -9999 -9999 527 518 529 527 515 517 521 526 526 529 527 541 564 573 577 582 584 585 569 583 584 586 572 574 591 595 600 601 605 605 565 553 571 607 599
-9999 -9999 -9999 -9999 -9999 -9999 -9999 -9999 -9999 -9999 -9999 -9999 -9999 -9999 -9999 -9999 -9999 -9999 -9999 -9999 -9999 -9999 -9999 -9999 -9999 -9999 -9999 -9999 -9999 -9999 -9999 -9999 -9999 -9999 -9999 -9999 -9999 -9999 -9999 -9999 -9999 -9999 -9999 -9999 -9999 -9999 -9999 -9999 -9999 -9999 526 526 531 527 520 521 533 530 529 526 528 531 570 575 581 584 585 578 585 587 590 591 590 583 594 599 605 608 610 579 557 553 564 588
-9999 -9999 -9999 -9999 -9999 -9999 -9999 -9999 -9999 -9999 -9999 -9999 -9999 -9999 -9999 -9999 -9999 -9999 -9999 -9999 -9999 -9999 -9999 -9999 -9999 -9999 -9999 -9999 -9999 -9999 -9999 -9999 -9999 -9999 -9999 -9999 -9999 -9999 -9999 -9999 -9999 -9999 -9999 -9999 -9999 -9999 -9999 -9999 -9999 -9999 -9999 529 531 533 530 526 530 532 528 534 538 530 544 572 583 583 586 586 588 588 591 592 595 593 595 600 605 614 619 616 577 556 568 590
