PruebadeCarpetas/Basics/DEM.asc
ncols        203
nrows        154
xllcorner    -75.242349208681
yllcorner    2.953391159600
cellsize     0.001605019476
NODATA_value -9999
[rows 37 to 73 of 154, columns 84 to 167 of 203]
555 556 556 559 561 564 561 558 554 535 527 522 525 527 528 526 529 534 532 537 539 542 546 564 562 565 564 571 584 589 590 588 593 624 662 679 695 716 746 783 793 818 837 875 905 924 937 962 967 969 972 963 951 929 924 889 896 943 992 1030 1055 1091 1102 1086 1075 1084 1100 1100 1107 1118 1140 1157 1219 1310 1322 1387 1408 1411 1448 1534 1564 1649 1673 1649
554 553 553 556 559 553 549 545 529 519 520 526 524 525 526 525 531 535 540 544 547 544 551 562 560 565 564 577 589 590 595 591 602 635 657 686 707 722 745 774 789 812 842 870 901 931 963 965 969 981 1001 993 988 963 967 964 933 937 990 1036 1068 1105 1144 1125 1114 1128 1157 1138 1149 1167 1170 1194 1325 1346 1384 1414 1439 1459 1491 1556 1603 1667 1678 1656
553 554 549 548 550 544 530 522 514 519 516 517 519 524 526 527 538 553 547 559 569 597 550 558 559 567 579 573 593 608 605 607 604 639 664 697 713 732 753 781 792 810 842 881 899 928 953 963 969 988 1005 1011 1022 999 1002 1002 977 980 993 1030 1063 1094 1150 1158 1153 1170 1199 1205 1207 1217 1218 1337 1359 1407 1400 1434 1496 1531 1571 1596 1639 1705 1677 1638
551 547 531 542 545 527 510 512 516 513 513 518 522 524 528 526 550 554 564 569 611 651 564 552 563 565 568 583 584 589 594 602 606 640 669 691 707 725 751 770 781 805 846 864 867 885 918 948 962 971 991 1009 1037 1030 1038 1037 1020 1022 1028 1049 1074 1110 1157 1182 1193 1206 1238 1233 1239 1262 1324 1360 1405 1429 1418 1424 1492 1565 1622 1673 1684 1676 1673 1656
539 533 524 530 535 509 506 510 511 509 513 522 521 516 518 533 548 553 567 577 612 645 573 562 568 562 565 575 591 589 614 636 627 639 659 680 695 722 742 763 778 807 837 834 847 882 907 930 954 949 989 1010 1012 1033 1040 1061 1060 1065 1071 1074 1104 1134 1171 1197 1234 1232 1267 1303 1319 1346 1348 1389 1430 1458 1452 1457 1481 1541 1612 1659 1677 1678 1680 1683
531 524 512 505 504 503 503 512 518 514 515 519 515 515 528 536 549 554 563 572 573 592 580 583 570 569 576 575 602 607 615 631 636 632 643 670 690 715 740 763 778 800 821 822 836 887 896 919 933 949 977 978 986 1008 1023 1050 1067 1083 1093 1114 1134 1165 1195 1211 1265 1274 1383 1396 1389 1379 1381 1418 1457 1490 1517 1498 1487 1545 1609 1634 1642 1665 1701 1741
524 515 508 503 502 503 509 506 513 513 513 515 516 520 530 539 546 545 565 565 567 603 586 584 574 566 564 577 594 601 616 622 630 630 652 680 704 721 743 768 784 803 805 811 823 872 887 907 921 935 958 958 982 999 1015 1039 1060 1079 1100 1123 1154 1186 1207 1231 1281 1353 1405 1412 1408 1403 1405 1430 1479 1525 1526 1503 1492 1538 1590 1630 1643 1653 1703 1756
513 511 497 498 500 506 504 511 510 507 511 514 512 522 524 529 532 542 556 556 587 646 645 601 576 597 573 577 579 586 603 618 607 625 664 700 728 742 758 789 799 781 770 798 813 840 871 884 894 915 931 936 960 976 994 1012 1038 1061 1089 1112 1137 1174 1198 1234 1283 1352 1399 1432 1444 1438 1449 1457 1495 1553 1537 1528 1517 1543 1566 1595 1609 1651 1707 1779
510 507 499 499 498 499 504 502 504 509 527 532 535 534 532 541 551 549 553 573 596 627 695 646 614 589 594 583 580 584 593 590 606 631 662 702 736 762 788 816 817 776 743 765 794 807 853 865 872 888 906 916 926 952 976 988 1015 1044 1065 1098 1141 1179 1220 1233 1275 1301 1393 1429 1442 1473 1488 1499 1522 1575 1559 1554 1528 1557 1566 1592 1610 1654 1718 1731
490 491 493 497 495 497 499 502 509 520 528 534 537 538 538 542 563 564 567 567 585 621 685 711 643 613 618 627 588 585 588 590 595 631 674 718 755 770 794 798 765 751 715 744 763 798 829 823 847 856 878 879 904 934 955 972 1001 1022 1062 1094 1142 1178 1206 1227 1255 1291 1347 1425 1439 1465 1497 1528 1542 1603 1588 1562 1531 1539 1561 1602 1622 1662 1662 1661
495 493 501 492 495 497 509 514 520 525 530 532 534 536 542 544 553 570 574 584 607 626 668 742 673 633 612 633 611 615 610 608 616 609 617 720 736 721 757 736 711 692 695 718 756 777 767 776 805 815 849 872 895 908 937 955 985 1011 1045 1086 1114 1139 1169 1197 1232 1281 1317 1357 1400 1440 1471 1510 1543 1590 1610 1575 1537 1549 1570 1613 1618 1605 1589 1616
489 490 492 496 495 501 511 511 512 518 523 538 542 551 550 550 552 559 567 585 608 646 676 760 687 656 614 643 645 646 628 679 660 636 609 687 688 689 689 667 674 677 675 690 694 703 715 733 741 780 826 855 877 888 919 936 970 998 1033 1056 1090 1124 1147 1181 1210 1253 1274 1303 1317 1397 1438 1470 1521 1558 1593 1567 1543 1554 1577 1557 1535 1541 1548 1589
490 494 496 498 507 505 503 507 514 528 544 549 558 581 586 565 560 565 583 597 622 660 699 773 696 651 631 666 678 691 664 696 673 696 656 631 638 658 676 697 720 706 693 687 686 681 698 722 742 767 805 820 858 873 892 912 946 984 1007 1019 1045 1084 1138 1158 1180 1219 1241 1269 1279 1296 1361 1442 1482 1507 1546 1552 1543 1541 1528 1468 1465 1486 1536 1587
495 503 510 513 502 503 508 512 513 527 527 558 577 597 605 589 571 570 597 629 652 680 700 785 704 650 650 675 702 714 713 714 742 742 699 670 664 713 738 762 777 760 751 737 738 700 700 708 743 776 803 814 827 851 865 891 921 944 974 992 1037 1070 1111 1147 1173 1192 1214 1219 1225 1276 1305 1348 1441 1454 1504 1500 1486 1453 1421 1426 1427 1484 1524 1585
536 535 542 547 542 512 510 512 518 527 544 553 564 575 585 570 578 590 624 665 673 703 736 797 707 678 670 711 724 738 768 775 811 755 728 687 680 723 782 795 816 799 789 799 779 734 707 712 741 762 772 781 802 833 868 885 906 927 952 987 1030 1069 1100 1120 1139 1163 1182 1202 1217 1254 1297 1303 1346 1390 1438 1397 1358 1349 1377 1383 1403 1495 1573 1660
502 507 539 549 552 534 513 512 518 519 526 543 551 554 554 563 589 586 632 688 694 713 747 791 703 690 702 725 752 763 784 840 846 778 735 706 706 756 810 859 863 831 829 832 811 788 719 712 728 754 772 781 811 838 871 891 910 932 961 998 1024 1055 1083 1093 1119 1132 1167 1209 1227 1258 1271 1294 1317 1338 1330 1331 1315 1327 1330 1370 1412 1521 1623 1710
494 500 504 514 543 557 522 511 517 525 524 531 535 542 546 545 559 569 600 652 644 663 672 745 672 679 710 753 772 794 825 899 838 793 736 736 745 815 863 887 913 880 870 859 828 806 733 712 744 767 777 789 812 852 867 888 911 932 962 996 1023 1037 1043 1075 1094 1105 1153 1184 1196 1233 1255 1272 1298 1318 1286 1263 1280 1270 1310 1336 1369 1471 1605 1681
498 501 504 516 529 557 533 515 518 525 525 529 533 539 547 548 554 560 581 617 612 633 652 716 647 655 694 743 778 796 825 898 830 787 743 758 761 839 875 900 928 906 888 871 840 821 746 715 735 765 771 783 825 858 874 894 917 941 962 990 1015 1029 1038 1061 1073 1088 1134 1168 1186 1218 1239 1259 1278 1291 1272 1248 1253 1274 1300 1319 1415 1495 1569 1649
516 517 502 506 518 554 558 535 526 527 528 533 535 539 547 552 556 563 561 569 575 587 602 667 614 644 718 746 749 768 775 867 824 775 809 804 788 823 929 945 960 970 915 890 864 830 763 741 723 743 767 795 838 867 888 905 925 948 966 965 982 1003 1023 1032 1045 1074 1118 1149 1164 1187 1212 1221 1226 1240 1230 1225 1226 1271 1343 1451 1492 1482 1690 1649
518 519 516 510 510 532 538 549 534 531 533 540 542 548 552 561 575 591 601 596 595 590 621 597 600 628 692 705 739 760 849 836 826 828 851 845 815 841 929 968 983 1009 940 899 862 841 812 780 738 747 797 810 838 853 862 885 909 925 928 933 957 972 1003 1018 1037 1079 1103 1127 1141 1155 1159 1172 1174 1186 1190 1200 1232 1356 1453 1551 1611 1719 1797 1730
525 524 524 516 514 515 527 530 540 549 559 551 551 558 572 584 617 642 636 636 635 616 657 600 603 636 658 704 819 815 789 790 814 868 898 876 861 879 935 1012 1016 1023 944 924 890 869 835 806 763 753 761 767 776 800 814 833 848 865 885 907 914 958 992 1025 1049 1069 1087 1101 1101 1099 1092 1094 1102 1128 1148 1159 1235 1374 1419 1632 1677 1783 1838 1778
546 537 529 525 515 517 520 529 536 542 551 565 573 576 598 616 657 670 675 667 669 675 654 620 605 620 634 674 776 755 739 746 787 819 865 884 914 915 963 1049 1054 1018 969 947 916 888 837 807 808 769 789 803 824 811 835 852 884 889 884 909 916 903 932 951 1019 1051 1072 1068 1069 1060 1044 1080 1109 1114 1128 1168 1305 1389 1575 1685 1743 1821 1894 1866
562 545 534 532 523 524 527 534 540 559 552 562 565 571 605 646 662 684 707 735 719 690 675 651 651 639 644 654 705 702 696 744 769 797 840 894 941 964 1039 1096 1101 1037 993 964 932 902 859 845 825 799 826 845 841 855 867 906 946 954 963 958 973 983 979 973 976 1000 1010 1015 1023 1038 1062 1108 1131 1188 1231 1254 1298 1398 1593 1720 1795 1896 1960 1946
586 574 557 540 528 528 537 537 557 563 557 570 575 588 619 657 674 706 763 769 719 708 702 698 692 705 740 701 660 669 708 762 795 829 872 897 924 990 1082 1129 1117 1048 1025 988 946 911 865 852 865 805 822 836 875 912 934 949 987 1003 1013 1022 1032 1029 1019 1011 1045 1058 1063 1045 1062 1055 1077 1115 1167 1234 1257 1353 1378 1481 1608 1735 1795 1892 1974 2000
626 616 585 562 533 532 551 545 546 559 573 584 595 603 611 643 664 693 797 758 743 738 731 752 743 765 790 696 656 666 695 733 773 804 859 911 955 1059 1136 1144 1112 1068 1041 993 949 916 886 891 873 816 846 846 838 898 951 993 1016 1042 1058 1076 1075 1073 1064 1055 1062 1112 1103 1094 1110 1096 1073 1112 1153 1198 1237 1300 1390 1506 1637 1808 1845 1858 1908 1965
653 646 616 573 536 539 552 567 571 560 571 587 604 634 644 664 664 736 765 752 773 778 776 792 783 851 796 692 662 672 714 752 783 827 854 895 1030 1103 1100 1077 1080 1090 1049 1009 977 935 913 900 841 866 908 925 928 885 858 890 957 1068 1107 1125 1120 1119 1114 1101 1105 1159 1139 1138 1152 1131 1095 1120 1166 1228 1251 1313 1406 1465 1603 1756 1774 1791 1869 1941
655 652 607 553 541 554 563 560 591 582 574 595 609 628 677 692 732 732 738 773 797 801 815 821 826 834 743 685 673 675 712 748 788 825 891 980 1054 1051 1027 1031 1037 1055 1055 1010 976 950 940 911 867 916 962 982 1018 996 961 939 890 985 1073 1156 1170 1167 1162 1146 1138 1199 1179 1193 1182 1161 1125 1122 1142 1183 1215 1281 1408 1484 1606 1717 1739 1793 1875 1916
652 651 591 550 549 566 554 565 580 598 600 601 607 633 659 717 788 748 754 783 816 841 861 826 813 799 716 685 686 691 713 755 814 897 939 979 975 997 992 1006 1015 1052 1056 1020 984 961 930 928 921 956 1009 1046 1079 1110 1067 1043 955 911 953 1017 1085 1204 1207 1184 1175 1250 1217 1220 1206 1192 1156 1139 1151 1188 1246 1349 1447 1550 1618 1667 1672 1769 1779 1865
645 624 575 554 563 571 561 579 598 618 631 635 638 630 648 721 753 753 775 801 833 875 846 805 778 734 702 706 719 740 771 774 845 846 863 895 929 949 975 993 1004 1019 1043 1016 990 965 958 944 979 1020 1052 1076 1138 1169 1180 1116 1031 979 949 968 993 1156 1249 1226 1211 1288 1258 1243 1232 1219 1202 1179 1167 1200 1260 1330 1490 1566 1559 1646 1663 1645 1697 1751
648 650 587 562 569 584 569 579 599 622 678 684 667 678 717 722 729 762 798 823 873 881 848 809 758 722 724 746 766 776 831 849 779 783 806 850 880 915 933 963 984 1021 1039 1010 990 998 1004 966 1022 1080 1135 1136 1173 1231 1247 1196 1108 1094 1016 1051 1020 1104 1280 1267 1247 1327 1293 1273 1264 1270 1243 1215 1194 1226 1282 1346 1470 1519 1521 1578 1571 1590 1651 1685
648 648 578 567 574 584 595 590 615 649 682 705 732 776 765 731 740 782 806 834 899 879 852 819 758 759 757 780 820 835 888 889 823 808 802 857 880 907 942 971 987 1013 1034 1019 1021 1026 1012 1030 1056 1124 1177 1211 1222 1274 1295 1262 1230 1182 1067 1070 1110 1090 1189 1272 1296 1345 1311 1294 1302 1304 1278 1255 1229 1262 1280 1329 1426 1467 1468 1493 1494 1569 1593 1712
625 642 583 570 581 586 598 603 616 643 709 749 760 766 759 765 781 796 828 872 898 872 830 780 781 779 802 840 878 892 923 893 851 838 817 832 855 883 933 962 978 1002 1029 1046 1065 1062 1058 1077 1094 1159 1212 1250 1294 1326 1370 1379 1273 1166 1099 1071 1184 1149 1114 1155 1244 1266 1204 1223 1219 1251 1255 1259 1270 1274 1297 1357 1402 1448 1427 1450 1468 1494 1586 1686
639 615 576 581 591 601 597 620 628 644 673 734 747 774 809 805 809 818 854 898 873 864 817 800 791 796 829 866 905 924 952 889 867 873 835 875 872 891 913 948 964 994 1024 1052 1102 1093 1094 1107 1118 1197 1268 1292 1359 1406 1415 1434 1325 1254 1165 1070 1158 1234 1224 1153 1141 1157 1229 1274 1266 1275 1304 1279 1276 1299 1316 1331 1367 1384 1423 1492 1508 1474 1604 1647
608 590 583 601 636 628 603 612 656 705 699 722 738 768 794 827 843 858 893 903 866 841 800 815 815 841 886 920 959 982 965 900 889 892 863 883 930 922 927 942 952 976 1015 1071 1109 1140 1130 1159 1201 1192 1308 1330 1412 1457 1477 1387 1306 1246 1202 1129 1115 1206 1264 1230 1230 1166 1274 1336 1323 1316 1341 1327 1310 1344 1334 1387 1411 1431 1466 1569 1595 1528 1525 1555
598 591 587 599 651 634 611 622 640 669 695 725 736 760 787 821 848 884 915 900 879 859 802 821 834 862 912 948 983 1005 960 901 906 904 884 881 932 937 933 948 961 986 1022 1069 1110 1147 1156 1175 1235 1202 1302 1359 1445 1501 1476 1377 1268 1198 1164 1130 1118 1202 1287 1255 1269 1172 1264 1370 1348 1332 1371 1347 1336 1359 1354 1420 1449 1469 1447 1573 1609 1567 1563 1580
612 609 594 601 627 646 629 649 655 666 683 728 748 770 802 825 863 894 938 936 939 871 823 828 849 912 948 989 1025 1027 960 927 928 925 928 906 951 968 954 963 968 994 1029 1066 1105 1160 1198 1206 1284 1303 1371 1405 1485 1538 1436 1322 1270 1241 1181 1183 1120 1208 1316 1300 1343 1214 1225 1344 1362 1397 1442 1413 1383 1399 1376 1402 1472 1544 1495 1497 1537 1635 1643 1686
625 633 602 610 624 647 662 658 672 695 720 734 746 777 795 834 875 907 956 1006 942 852 850 855 886 949 980 1022 1050 1008 959 953 951 950 960 947 942 981 989 981 997 1016 1025 1093 1139 1185 1247 1254 1314 1374 1429 1459 1529 1582 1490 1400 1343 1324 1274 1265 1136 1183 1303 1386 1358 1257 1212 1278 1332 1439 1513 1462 1396 1418 1440 1421 1487 1557 1527 1549 1572 1588 1669 1763
