PruebadeCarpetas/Basics/DEM.asc
ncols        203
nrows        154
xllcorner    -75.242349208681
yllcorner    2.953391159600
cellsize     0.001605019476
NODATA_value -9999
[rows 74 to 110 of 154, columns 84 to 167 of 203]
616 627 615 613 632 661 685 690 702 716 733 771 778 791 815 847 882 925 966 1009 908 862 872 883 921 982 1027 1070 1049 997 975 976 975 976 982 994 997 1003 1018 1003 1014 1042 1056 1121 1164 1191 1235 1284 1348 1420 1479 1497 1574 1635 1556 1461 1431 1436 1354 1252 1177 1230 1299 1408 1433 1325 1228 1306 1350 1416 1460 1458 1417 1433 1457 1496 1506 1574 1566 1581 1618 1682 1674 1730
609 627 626 620 631 662 687 710 730 744 758 791 801 816 859 862 895 940 1000 980 910 878 897 921 972 1010 1069 1109 1044 1010 997 997 1004 1002 1011 1033 1027 1026 1027 1035 1046 1068 1095 1160 1190 1193 1264 1321 1383 1441 1520 1549 1604 1664 1654 1563 1519 1408 1311 1224 1212 1277 1377 1409 1432 1375 1338 1316 1283 1311 1397 1439 1472 1459 1474 1514 1568 1603 1641 1646 1661 1725 1728 1659
627 653 653 632 637 649 674 702 730 759 796 805 809 832 846 876 917 962 1028 970 933 908 917 978 1024 1062 1099 1123 1050 1033 1020 1027 1039 1039 1050 1058 1052 1054 1063 1059 1075 1107 1135 1189 1214 1231 1303 1373 1440 1495 1551 1573 1643 1706 1711 1668 1571 1415 1276 1262 1279 1360 1420 1421 1387 1379 1358 1371 1382 1371 1408 1489 1485 1490 1482 1532 1547 1637 1747 1758 1758 1787 1695 1615
608 613 645 648 637 660 681 712 729 758 799 814 818 847 869 898 937 1028 999 967 930 942 944 1009 1065 1098 1148 1140 1079 1056 1054 1063 1064 1076 1081 1082 1089 1081 1082 1090 1105 1142 1181 1209 1251 1288 1341 1416 1482 1541 1607 1634 1688 1648 1584 1551 1552 1393 1380 1371 1406 1425 1412 1418 1415 1392 1377 1383 1389 1428 1421 1438 1480 1532 1556 1567 1608 1672 1683 1691 1716 1809 1757 1690
592 597 606 613 626 652 683 712 743 761 790 817 831 857 885 919 968 1041 1007 988 956 967 973 1049 1100 1144 1188 1157 1111 1100 1085 1083 1091 1102 1101 1114 1119 1107 1114 1122 1135 1166 1224 1236 1294 1352 1399 1465 1532 1581 1644 1666 1590 1547 1461 1409 1463 1518 1494 1434 1420 1407 1417 1387 1386 1369 1375 1382 1394 1401 1464 1447 1452 1490 1523 1543 1570 1602 1624 1694 1719 1819 1790 1669
598 598 613 625 637 655 693 710 735 763 785 816 838 872 900 939 1044 1019 992 980 982 996 1016 1093 1141 1184 1218 1172 1130 1128 1113 1109 1118 1121 1119 1121 1114 1093 1101 1146 1170 1211 1268 1288 1352 1445 1505 1545 1559 1576 1611 1600 1484 1440 1383 1328 1425 1402 1423 1339 1330 1358 1352 1399 1374 1399 1384 1389 1389 1413 1449 1512 1462 1493 1499 1510 1555 1589 1671 1729 1767 1833 1725 1657
617 621 614 630 664 674 705 741 751 763 789 826 848 877 909 941 1045 1001 965 974 963 985 1048 1115 1164 1182 1141 1132 1116 1107 1107 1102 1068 1081 1102 1074 1054 1058 1117 1167 1191 1241 1278 1323 1397 1497 1567 1545 1569 1477 1472 1472 1404 1336 1305 1269 1315 1302 1353 1276 1252 1256 1284 1348 1401 1403 1405 1403 1414 1427 1468 1496 1491 1524 1524 1548 1610 1674 1735 1764 1778 1780 1655 1593
643 652 628 624 641 685 720 767 770 772 802 815 828 856 893 938 1025 982 939 956 948 1017 1087 1136 1163 1121 1091 1082 1068 1063 1075 1053 1019 1033 1052 1028 1017 1048 1101 1146 1181 1220 1258 1358 1451 1517 1452 1465 1507 1467 1394 1363 1321 1250 1268 1231 1235 1230 1283 1273 1213 1231 1236 1330 1333 1353 1356 1296 1315 1366 1370 1427 1472 1492 1560 1597 1616 1650 1738 1762 1757 1700 1603 1503
690 697 661 663 644 691 735 777 753 752 766 776 782 797 861 901 941 969 926 934 983 1053 1101 1084 1067 1047 1039 1030 1029 1030 1041 1010 974 1003 1008 983 992 1072 1113 1181 1217 1252 1306 1396 1488 1441 1355 1378 1439 1477 1421 1355 1254 1178 1214 1178 1149 1189 1222 1265 1175 1208 1279 1294 1267 1266 1276 1223 1226 1253 1268 1307 1356 1389 1482 1609 1656 1706 1740 1652 1628 1638 1559 1469
669 678 672 675 646 688 733 766 742 740 750 759 767 780 859 874 906 957 923 937 1006 1061 1055 1034 1038 1026 1030 1014 1013 1012 1011 998 964 988 979 958 1009 1073 1121 1182 1208 1236 1324 1421 1450 1394 1324 1351 1389 1421 1435 1376 1256 1169 1176 1146 1141 1163 1221 1224 1184 1195 1245 1268 1249 1251 1245 1203 1207 1202 1230 1269 1352 1427 1532 1609 1703 1727 1720 1600 1570 1583 1531 1427
638 632 634 642 640 661 686 727 708 714 719 727 732 758 829 830 845 918 906 957 1006 957 960 981 993 999 1003 989 987 983 966 937 946 933 916 953 1004 1092 1153 1182 1195 1270 1369 1425 1333 1371 1291 1295 1336 1339 1342 1354 1311 1209 1125 1135 1125 1127 1217 1153 1163 1127 1168 1247 1205 1201 1194 1153 1158 1197 1260 1317 1369 1464 1612 1665 1718 1686 1644 1602 1536 1479 1476 1375
632 629 634 637 636 648 647 666 664 676 687 707 711 736 796 784 818 857 885 902 920 937 920 924 959 970 977 960 938 934 931 911 902 898 909 950 1028 1080 1118 1162 1206 1320 1406 1341 1273 1256 1256 1198 1229 1295 1241 1242 1292 1251 1147 1102 1113 1112 1179 1130 1081 1101 1175 1176 1155 1151 1168 1135 1139 1172 1195 1256 1320 1435 1508 1555 1628 1655 1537 1561 1550 1421 1394 1293
626 625 629 638 640 648 649 650 659 661 669 678 685 711 774 769 800 790 810 829 862 873 912 925 946 940 930 900 908 903 901 888 884 875 905 966 1017 1081 1179 1207 1256 1313 1361 1306 1203 1154 1176 1127 1199 1230 1138 1140 1244 1287 1178 1105 1067 1104 1145 1137 1087 1091 1112 1132 1160 1115 1119 1142 1147 1153 1171 1218 1287 1416 1406 1448 1553 1610 1521 1457 1475 1395 1294 1291
651 650 648 654 664 662 662 662 691 685 661 668 668 688 734 738 753 759 793 817 818 831 860 878 903 893 893 876 877 876 873 870 863 852 897 969 1007 1121 1138 1154 1214 1310 1264 1233 1185 1095 1081 1082 1127 1161 1064 1103 1172 1214 1145 1088 1058 1098 1146 1131 1115 1057 1071 1105 1125 1089 1130 1116 1161 1213 1231 1248 1295 1316 1358 1438 1567 1552 1475 1402 1415 1314 1265 1311
669 673 684 682 688 685 700 700 721 690 669 675 667 680 706 719 725 729 765 776 774 804 822 850 855 847 859 847 850 859 841 847 835 849 905 975 1030 1053 1087 1185 1231 1304 1232 1124 1120 1083 1001 1018 1048 1098 1022 1055 1178 1223 1093 1041 1058 1098 1081 1102 1098 1073 1079 1119 1082 1080 1083 1099 1124 1128 1146 1168 1195 1230 1362 1486 1565 1497 1393 1323 1324 1246 1299 1377
678 694 719 722 732 740 740 739 735 709 675 689 687 689 687 689 695 708 735 742 753 767 787 803 806 803 830 819 835 841 839 830 809 859 904 966 981 1028 1041 1066 1112 1215 1193 1126 1032 1018 964 958 1031 999 1021 1058 1128 1156 1073 1030 1101 1068 1039 1109 1055 1049 1116 1103 1057 1069 1111 1173 1157 1174 1231 1237 1268 1286 1376 1481 1584 1500 1425 1343 1279 1243 1364 1408
709 724 752 762 766 786 787 769 740 715 685 691 707 752 741 703 698 698 701 714 733 734 750 763 773 789 802 796 814 817 813 809 800 842 884 915 899 922 927 956 995 1111 1138 1090 1028 933 907 898 948 924 975 1003 1074 1054 1098 1010 1071 1055 1022 1094 1027 1078 1088 1039 1077 1106 1115 1188 1219 1231 1195 1231 1341 1374 1422 1513 1589 1516 1403 1309 1259 1272 1334 1425
745 758 790 805 797 817 808 791 770 744 696 690 702 782 781 740 722 729 720 708 717 729 727 732 747 766 768 785 779 786 773 776 784 796 817 808 811 848 825 893 929 1048 1079 976 939 918 970 987 939 947 908 918 991 1027 1024 1002 1079 1071 1021 999 1001 1009 1026 1069 1112 1185 1212 1204 1185 1126 1149 1268 1285 1269 1322 1451 1498 1494 1417 1288 1218 1289 1397 1460
747 767 808 845 842 847 840 820 793 749 719 698 702 754 742 731 745 766 767 762 753 746 756 747 739 744 748 758 765 770 790 791 819 839 863 898 878 812 833 890 945 1059 993 951 893 921 1036 1065 1032 1022 987 957 925 946 969 1017 1034 1040 1053 993 1055 1075 1121 1152 1133 1127 1135 1104 1087 1114 1192 1186 1195 1227 1327 1365 1432 1448 1368 1286 1226 1291 1380 1485
739 767 824 864 894 881 875 840 815 782 737 714 713 714 737 744 742 772 810 785 783 781 795 781 767 791 770 765 811 823 827 850 861 914 897 980 943 841 847 858 884 965 906 873 953 988 1016 1059 1135 1101 1003 965 1010 955 941 953 990 987 974 977 988 1022 1072 1058 1076 1065 1052 1100 1133 1201 1204 1136 1207 1220 1289 1282 1410 1409 1336 1243 1200 1283 1411 1430
711 752 809 866 917 926 908 864 824 787 755 736 750 758 783 781 752 771 819 811 802 828 820 816 800 830 773 797 847 859 848 895 924 950 940 1028 967 910 908 852 870 863 887 945 1028 1091 1044 1119 1164 1058 1012 1011 1031 1040 985 948 972 960 976 1013 993 989 994 998 1011 1015 1024 1061 1104 1123 1101 1137 1171 1217 1221 1267 1343 1337 1263 1188 1227 1325 1389 1330
721 748 805 859 909 940 921 869 833 807 762 794 801 803 821 792 771 770 830 840 835 870 852 843 842 827 795 817 864 873 867 904 952 970 986 1085 1031 1022 935 884 873 880 956 1028 1125 1152 1073 1116 1183 1092 1062 1020 1062 1110 1008 953 957 962 1017 1001 1045 1063 1069 1082 1067 1050 1066 1031 1037 1061 1077 1095 1102 1194 1166 1239 1219 1225 1211 1220 1278 1368 1295 1258
756 773 787 852 907 942 912 882 857 850 806 819 831 831 843 815 798 769 823 859 862 910 872 872 865 826 817 853 861 871 906 930 961 1003 1045 1172 1132 1047 993 933 924 1002 1048 1101 1210 1142 1095 1094 1161 1072 1048 1049 1130 1159 1082 1055 1031 989 984 1080 1032 1046 1111 1170 1141 1141 1142 1072 1083 1056 1060 1069 1087 1144 1179 1148 1121 1150 1167 1238 1268 1331 1238 1301
796 818 843 858 903 935 941 923 917 888 835 834 859 869 878 861 828 788 801 842 880 918 901 903 872 842 848 884 900 885 904 979 989 1031 1079 1235 1184 1092 983 1009 1021 1131 1184 1210 1240 1168 1163 1138 1147 1117 1073 1099 1149 1218 1115 1060 1031 1012 982 1017 1119 1064 1054 1085 1119 1150 1157 1150 1149 1127 1157 1139 1079 1106 1113 1140 1191 1155 1178 1259 1285 1304 1215 1324
822 847 878 898 924 947 975 966 928 897 856 865 893 913 917 902 847 817 798 838 880 922 930 926 886 861 869 913 916 914 938 1020 1038 1061 1157 1271 1179 1084 1084 1143 1161 1255 1275 1323 1295 1252 1255 1187 1184 1192 1122 1148 1225 1223 1116 1058 1006 989 993 1065 1121 1120 1080 1051 1082 1073 1082 1120 1141 1213 1217 1209 1143 1093 1110 1203 1282 1239 1163 1174 1190 1215 1198 1299
837 852 888 910 936 957 984 969 940 899 877 894 916 939 933 922 863 830 812 828 869 908 937 933 895 874 875 914 925 924 956 1044 1052 1086 1174 1266 1175 1102 1137 1186 1198 1301 1326 1368 1343 1297 1253 1194 1224 1230 1162 1182 1242 1182 1097 1064 1009 1006 1019 1023 1100 1147 1114 1073 1123 1112 1102 1102 1108 1202 1264 1253 1199 1138 1123 1251 1331 1283 1212 1187 1167 1185 1221 1322
847 853 884 922 950 971 1001 991 956 928 941 941 949 975 963 937 900 858 853 824 870 884 930 934 912 889 888 922 956 962 997 1033 1093 1154 1206 1330 1236 1214 1236 1261 1287 1358 1430 1439 1402 1304 1234 1260 1284 1298 1279 1259 1164 1103 1052 1028 1024 1029 1102 1063 1113 1141 1148 1127 1155 1142 1127 1173 1185 1194 1293 1319 1258 1152 1122 1190 1264 1345 1301 1295 1252 1242 1262 1325
862 869 886 922 961 996 1031 1000 983 970 993 972 981 1013 1001 960 936 902 884 855 837 856 882 905 930 926 918 933 963 982 1035 1064 1130 1185 1266 1384 1380 1324 1317 1337 1358 1454 1427 1396 1345 1268 1330 1349 1350 1412 1328 1270 1186 1096 1054 1072 1030 1000 1075 1155 1156 1208 1191 1146 1176 1145 1191 1216 1296 1282 1256 1320 1220 1184 1158 1150 1257 1322 1400 1391 1357 1338 1394 1385
874 877 892 924 962 1038 1040 1034 1016 1015 1036 1039 1040 1050 1037 1011 966 931 925 892 856 849 868 885 923 932 951 966 986 1015 1072 1105 1153 1190 1286 1376 1481 1424 1404 1422 1452 1447 1393 1333 1324 1324 1391 1425 1439 1408 1289 1254 1160 1076 1049 1030 1015 1052 1059 1078 1123 1177 1184 1153 1231 1195 1242 1273 1317 1410 1343 1351 1261 1220 1157 1159 1232 1249 1327 1386 1378 1424 1469 1491
896 896 902 924 1007 1063 1057 1053 1040 1068 1099 1082 1083 1089 1072 1036 998 958 952 924 897 859 859 869 885 898 914 956 1003 1034 1090 1136 1181 1235 1289 1396 1468 1529 1515 1476 1457 1437 1378 1385 1356 1417 1452 1493 1471 1342 1235 1192 1170 1067 1080 1042 1019 1057 1064 1130 1153 1165 1214 1198 1246 1221 1253 1355 1358 1458 1405 1397 1339 1280 1170 1140 1149 1194 1226 1269 1274 1328 1364 1399
908 914 918 953 1029 1078 1108 1110 1119 1113 1096 1093 1099 1114 1136 1059 1027 984 973 952 917 887 900 898 900 899 907 938 989 1028 1080 1142 1203 1240 1322 1439 1490 1553 1484 1403 1375 1355 1362 1418 1439 1488 1479 1422 1425 1326 1202 1147 1111 1101 1113 1062 1031 1070 1082 1124 1118 1187 1242 1272 1288 1289 1280 1335 1398 1461 1491 1451 1429 1347 1286 1243 1162 1183 1250 1235 1239 1260 1272 1329
-9999 -9999 954 1006 1046 1092 1154 1141 1111 1099 1089 1099 1103 1121 1164 1104 1048 1022 1006 986 937 908 923 943 937 931 942 932 995 1020 1057 1099 1163 1241 1383 1426 1413 1491 1520 1479 1442 1347 1345 1423 1509 1440 1398 1330 1309 1315 1213 1191 1096 1094 1049 1043 1085 1053 1126 1153 1139 1208 1242 1338 1397 1376 1367 1341 1390 1460 1516 1512 1509 1423 1333 1264 1191 1182 1303 1319 1321 1315 1297 1359
-9999 -9999 -9999 1021 1072 1151 1135 1098 1079 1076 1084 1094 1103 1117 1171 1132 1087 1073 1044 1003 969 935 949 977 979 966 974 949 980 990 1039 1081 1146 1266 1295 1330 1322 1418 1422 1392 1377 1320 1368 1429 1488 1349 1283 1272 1192 1237 1187 1144 1095 1094 1081 1051 1069 1080 1100 1198 1185 1226 1280 1288 1377 1451 1410 1368 1371 1399 1452 1547 1512 1385 1329 1295 1201 1198 1309 1391 1410 1415 1344 1408
-9999 -9999 -9999 -9999 -9999 -9999 -9999 -9999 -9999 -9999 -9999 -9999 -9999 -9999 -9999 1176 1133 1113 1071 1032 991 973 999 1010 1010 1001 996 989 977 981 1028 1062 1117 1156 1185 1228 1289 1330 1325 1311 1319 1331 1413 1471 1468 1332 1224 1200 1169 1144 1171 1139 1084 1068 1093 1078 1110 1117 1085 1138 1169 1181 1239 1264 1334 1409 1481 1436 1424 1409 1468 1519 1447 1392 1307 1267 1228 1190 1274 1324 1368 1442 1392 1433
-9999 -9999 -9999 -9999 -9999 -9999 -9999 -9999 -9999 -9999 -9999 -9999 -9999 -9999 -9999 1239 1173 1150 1106 1057 1019 1016 1045 1059 1050 1026 1019 1023 990 1010 1090 1131 1203 1197 1188 1200 1216 1236 1265 1290 1302 1338 1389 1389 1419 1305 1240 1178 1148 1112 1100 1093 1114 1105 1091 1068 1089 1132 1134 1124 1142 1191 1191 1254 1338 1398 1508 1515 1514 1449 1509 1550 1450 1353 1270 1212 1212 1266 1272 1318 1366 1481 1488 1558
-9999 -9999 -9999 -9999 -9999 -9999 -9999 -9999 -9999 -9999 -9999 -9999 -9999 -9999 -9999 1196 1197 1182 1133 1094 1052 1040 1069 1086 1079 1054 1045 1007 1016 1028 1096 1182 1257 1299 1271 1275 1297 1341 1285 1300 1316 1305 1356 1441 1413 1354 1296 1251 1153 1160 1168 1157 1138 1106 1083 1074 1092 1090 1138 1192 1233 1238 1207 1232 1268 1380 1458 1548 1540 1501 1513 1552 1452 1343 1248 1288 1310 1318 1361 1329 1347 1463 1578 1622
-9999 -9999 -9999 -9999 -9999 -9999 -9999 -9999 -9999 -9999 -9999 -9999 -9999 -9999 -9999 1190 1207 1196 1149 1126 1093 1085 1103 1113 1110 1074 1054 1035 1033 1052 1087 1172 1272 1374 1309 1360 1367 1366 1330 1329 1360 1338 1421 1485 1469 1332 1314 1252 1191 1173 1121 1110 1101 1104 1095 1129 1109 1113 1103 1153 1193 1173 1234 1315 1350 1371 1440 1479 1520 1562 1559 1560 1469 1377 1287 1252 1268 1341 1403 1410 1406 1464 1606 1719
