Pruebas/Basics/DEM.asc
ncols        136
nrows        103
xllcorner    -75.242400000000
yllcorner    2.952800000000
cellsize     0.002400000000
NODATA_value -9999
[rows 0 to 39 of 103, columns 0 to 89 of 136]
413 416 386 381 369 375 376 377 378 374 378 386 392 394 391 396 399 415 450 445 454 448 434 431 451 447 436 436 440 443 441 444 446 442 444 436 435 436 436 439 441 442 444 446 448 454 456 459 468 467 473 507 514 497 495 502 525 535 528 522 522 533 539 544 541 542 549 552 554 561 556 552 548 548 554 556 557 564 569 572 577 582 582 681 596 599 606 617 628 635
371 371 370 376 377 377 376 378 376 377 379 393 396 413 428 401 402 414 442 426 456 447 458 431 456 465 461 448 445 449 447 446 448 448 447 437 436 439 439 440 438 444 449 445 447 462 466 457 468 466 465 476 483 485 522 525 515 527 527 509 529 530 534 533 538 536 537 540 553 550 547 545 548 545 547 552 556 562 568 570 574 610 703 780 640 603 610 616 624 630
390 385 374 376 380 378 377 375 376 377 383 391 409 437 410 452 421 409 415 425 432 441 470 461 443 465 467 468 472 467 465 462 456 458 451 450 444 441 442 441 442 445 453 463 457 466 482 482 513 474 465 471 470 478 484 486 495 514 509 512 520 531 532 521 532 535 536 548 542 539 540 543 543 546 550 561 563 570 579 591 616 657 717 838 687 631 606 623 621 621
391 390 394 381 382 379 378 377 378 381 393 388 398 394 399 407 454 425 413 438 434 463 469 467 457 448 463 468 471 471 475 477 476 478 468 463 458 443 466 479 447 445 460 476 495 490 496 512 504 478 469 476 492 475 480 480 484 491 498 498 503 505 511 532 527 516 521 532 535 533 532 541 545 562 564 570 576 578 585 608 631 713 735 883 753 671 615 612 647 660
393 385 384 387 381 380 382 385 391 390 395 403 410 417 419 435 442 433 420 450 448 443 475 474 458 466 466 470 472 473 476 476 477 480 483 487 468 463 449 454 492 465 452 459 461 479 497 492 475 487 483 489 489 483 483 485 488 490 493 495 501 504 508 512 510 518 523 529 529 529 547 556 558 560 566 568 575 579 595 614 634 687 758 865 725 669 624 626 637 661
390 388 398 386 384 381 380 390 393 396 394 408 419 443 415 441 446 441 428 435 448 465 470 474 465 469 467 471 474 476 474 477 479 481 484 486 462 472 462 454 469 498 451 453 457 460 467 471 474 490 490 496 490 492 485 498 490 494 497 498 500 502 507 512 513 531 531 525 528 539 552 549 552 557 569 570 572 575 589 620 644 690 783 846 713 662 621 636 630 636
395 395 395 382 380 382 382 385 394 397 397 410 424 426 447 433 441 459 445 462 457 467 478 475 469 468 473 473 474 474 477 479 483 481 483 488 488 469 494 484 472 464 473 466 461 459 464 470 483 483 487 497 505 501 495 495 497 499 504 510 505 502 505 511 512 515 537 534 539 533 542 547 552 558 560 562 572 574 591 619 635 708 796 809 719 665 630 641 641 638
419 404 424 395 379 382 382 383 387 389 400 406 418 454 454 457 458 456 458 460 456 459 468 470 477 451 469 464 467 477 477 479 483 484 487 492 494 488 481 502 474 479 478 481 475 476 468 470 474 484 495 506 513 511 496 495 505 514 514 507 519 514 523 531 524 517 520 531 529 533 545 538 547 547 555 558 574 587 599 629 659 715 860 790 701 654 644 648 649 649
408 430 440 401 395 386 383 384 382 388 390 432 418 449 452 458 440 443 419 420 442 472 433 449 449 435 446 462 461 478 477 482 482 482 469 497 506 492 501 509 473 490 501 484 482 484 476 480 475 481 496 496 510 511 516 505 509 516 522 527 527 525 538 571 541 533 524 525 525 540 551 545 545 547 564 558 563 580 599 635 656 744 871 761 704 663 641 657 652 657
433 439 448 423 409 398 393 390 389 391 388 422 438 442 447 439 436 409 418 442 449 433 430 454 431 423 431 461 471 479 480 480 454 454 465 481 512 498 501 512 484 496 508 492 491 493 484 484 475 481 490 495 496 507 511 514 513 513 519 525 533 537 555 576 576 569 541 531 535 533 545 563 549 552 568 579 568 574 598 639 677 795 838 740 687 655 657 651 665 686
419 439 450 450 446 439 401 394 394 391 390 401 418 418 408 409 416 408 408 421 422 420 418 422 422 423 425 434 449 459 466 468 442 451 453 488 501 529 505 519 492 494 511 506 500 504 487 479 491 480 485 489 495 498 505 514 523 522 528 536 541 552 566 603 604 604 574 555 547 538 550 572 563 551 562 580 596 576 587 630 663 786 795 720 678 654 662 655 701 744
415 441 436 450 426 411 402 400 397 390 390 396 403 397 402 406 400 401 407 408 409 414 412 413 415 419 427 437 440 437 437 434 447 464 462 474 510 511 530 528 502 510 533 516 512 500 494 482 501 492 486 489 500 497 501 509 523 513 524 528 535 545 547 578 601 606 610 597 563 563 561 588 573 561 563 590 620 602 584 613 635 766 774 707 669 666 665 662 705 764
412 420 448 450 426 434 414 400 396 388 390 396 393 390 394 398 397 395 395 397 402 403 404 407 411 416 426 428 432 432 428 433 452 463 477 473 485 494 529 528 538 522 527 513 506 505 499 496 504 503 494 501 496 512 507 509 513 506 516 526 527 549 533 562 596 606 608 607 584 563 570 596 582 573 568 583 605 629 612 598 628 724 739 676 677 687 684 689 707 726
415 440 443 452 445 441 414 404 404 393 392 396 393 396 400 397 398 397 397 398 401 403 403 410 409 416 427 423 429 424 426 431 455 462 482 487 486 514 550 557 538 499 520 510 502 492 500 505 509 511 501 504 508 511 501 494 503 515 525 522 525 538 526 552 567 590 607 611 577 554 565 580 585 585 581 598 633 641 621 595 635 664 683 657 664 675 683 686 695 708
421 424 447 448 452 447 422 419 405 399 396 395 399 402 405 404 401 400 404 402 401 399 402 406 406 421 424 421 428 423 427 435 443 458 481 492 518 520 560 537 512 505 508 503 496 483 493 506 500 504 505 503 492 495 495 488 487 508 509 505 530 538 546 541 547 559 549 549 546 549 559 562 571 575 587 593 623 661 646 617 606 641 728 660 666 680 687 696 733 747
436 447 436 449 451 434 413 401 402 413 407 410 398 404 406 409 405 409 407 405 402 402 402 403 407 411 413 421 423 423 430 432 443 460 472 492 496 512 520 500 507 485 499 496 482 486 492 501 488 492 498 487 483 479 482 483 488 491 500 515 509 512 527 518 518 522 527 543 544 555 552 557 557 566 576 577 604 631 673 635 620 651 741 676 679 723 742 725 787 819
447 447 454 448 450 440 414 409 416 438 414 420 415 404 415 413 409 412 416 413 410 413 412 404 409 417 413 415 420 421 429 431 438 453 473 496 475 488 480 478 488 476 489 487 478 469 489 485 483 499 488 482 474 480 496 504 494 487 492 496 509 513 509 517 525 532 543 554 555 563 582 567 569 591 580 586 596 607 682 656 634 671 774 696 685 741 732 767 779 777
432 435 448 450 446 420 411 427 412 421 421 420 412 410 429 430 419 433 428 431 418 417 414 410 407 412 410 414 418 426 430 465 460 490 483 477 472 500 476 468 467 462 470 471 471 475 487 471 480 488 488 471 471 496 504 495 499 512 494 493 500 503 509 512 516 528 554 573 577 575 601 594 586 604 604 600 589 607 630 654 640 712 723 708 686 710 675 705 721 731
450 451 449 442 449 455 415 419 420 415 423 419 416 414 423 431 441 438 438 436 445 465 457 408 417 410 414 413 433 434 439 454 453 495 489 473 458 478 466 459 456 466 468 471 463 480 482 474 480 500 473 471 475 491 487 489 483 496 506 503 504 510 507 516 520 530 539 571 589 617 613 647 625 613 616 616 605 614 624 626 620 640 701 680 648 658 669 683 687 693
452 455 455 448 456 456 428 429 432 426 423 435 418 418 440 431 434 448 447 441 463 441 438 418 459 418 416 420 424 438 443 445 463 460 469 483 457 458 456 466 450 461 464 456 467 477 475 468 469 486 467 473 494 474 482 485 492 497 499 509 522 527 518 530 524 546 546 555 578 614 648 657 662 654 634 636 633 617 610 614 617 648 628 641 656 701 723 734 742 746
453 459 457 455 460 457 424 438 465 452 434 444 422 428 453 439 440 450 449 452 436 427 419 423 467 441 415 422 431 448 459 442 437 469 467 478 452 447 448 448 448 466 466 458 475 492 488 469 468 476 464 470 473 489 492 496 491 508 504 507 515 527 529 530 530 531 542 561 570 588 615 649 665 666 641 611 606 609 607 611 618 618 661 669 705 741 756 807 801 804
457 459 461 458 459 438 438 435 460 442 447 447 439 426 429 449 440 454 442 431 424 420 420 430 466 440 418 422 434 458 462 441 466 473 462 495 460 444 440 444 443 454 452 450 474 483 465 459 468 467 461 468 477 490 495 499 509 501 527 517 524 528 548 566 544 547 555 560 563 582 595 613 629 669 640 597 601 596 601 614 619 638 684 706 744 781 794 849 841 841
452 457 459 462 464 433 441 460 456 439 451 442 431 426 433 447 454 440 424 426 429 424 427 447 423 436 417 414 420 450 446 428 451 470 452 472 445 438 442 440 442 448 443 445 451 450 455 457 460 467 469 473 479 481 487 495 504 517 508 547 570 571 572 575 576 580 547 551 562 565 573 578 589 610 621 602 587 594 601 609 630 664 707 736 787 840 874 894 894 902
453 453 456 460 462 456 438 453 461 452 462 450 439 432 450 453 456 455 425 431 441 470 469 463 438 446 416 414 417 422 423 430 436 461 447 474 439 439 442 439 446 444 451 454 449 448 454 457 455 461 469 471 473 485 485 487 490 506 544 555 566 568 572 572 572 552 542 558 548 552 564 561 563 582 592 587 582 593 618 636 641 682 718 762 830 883 903 902 927 937
451 454 450 454 463 463 471 455 473 477 472 446 438 432 445 456 458 453 429 430 460 474 469 470 446 429 429 417 416 422 421 422 430 438 477 442 437 439 444 446 449 454 452 454 455 450 478 478 462 474 471 473 478 478 488 495 521 554 561 563 566 566 566 552 532 531 533 535 535 539 545 565 565 564 571 581 587 609 615 656 671 707 759 780 828 885 906 926 955 948
449 418 423 442 459 466 451 442 449 467 464 443 445 437 438 460 459 454 434 437 457 480 474 476 440 450 475 435 441 457 424 422 435 460 457 437 436 443 448 463 476 469 471 457 452 462 467 475 484 515 531 531 535 522 529 548 553 555 559 564 556 548 527 523 524 527 526 529 536 544 542 555 559 563 572 588 591 591 629 677 691 719 760 801 839 897 934 963 973 978
407 408 413 433 436 462 434 433 437 450 463 452 455 449 459 462 472 434 432 440 448 478 475 469 437 459 467 436 457 458 433 428 422 427 427 432 438 447 450 455 484 485 471 457 462 458 472 472 482 520 505 536 539 541 548 549 550 553 548 547 530 519 519 518 519 528 527 548 547 564 597 550 561 567 577 593 605 607 639 680 702 732 768 800 842 891 928 960 969 988
407 410 408 410 414 414 418 424 433 452 449 456 474 453 479 453 444 435 440 442 443 479 481 452 442 462 456 454 468 444 442 434 428 431 433 448 438 447 462 471 472 490 478 465 461 463 459 464 473 475 501 529 538 544 544 545 548 536 536 535 507 512 511 522 521 525 523 551 568 581 652 556 563 563 571 584 600 624 635 673 698 724 756 797 844 855 878 936 957 964
417 429 418 416 415 417 419 418 436 429 441 443 452 471 462 483 444 440 446 444 449 476 488 461 443 467 493 464 473 445 450 452 460 444 432 440 455 451 453 453 458 496 497 484 473 458 462 465 472 517 500 510 536 533 530 527 531 517 505 504 503 512 514 517 515 515 536 548 563 574 592 585 568 569 577 602 615 637 632 658 677 715 749 791 821 824 887 902 933 949
437 448 446 430 424 443 457 435 422 425 431 443 472 450 449 467 468 441 441 443 450 464 487 473 451 455 464 505 472 456 465 460 460 444 439 449 458 459 457 461 479 470 484 504 511 467 464 465 466 485 521 523 527 526 509 510 513 502 498 504 504 510 507 513 512 522 529 537 556 565 646 617 576 597 575 579 603 614 625 682 721 742 773 800 770 805 840 874 894 915
447 469 450 439 430 430 460 441 441 433 430 433 443 444 449 455 469 445 441 444 448 459 482 474 461 467 492 508 465 469 480 454 464 445 442 454 458 467 462 471 478 484 490 512 507 473 467 468 466 467 519 522 525 509 500 506 512 500 499 498 504 503 509 527 535 536 541 554 553 586 627 686 628 589 582 580 593 589 631 684 725 762 799 808 743 777 807 872 872 888
459 460 461 456 446 434 438 464 468 433 431 430 442 458 456 464 460 458 448 448 447 460 478 501 471 463 481 491 494 507 516 490 468 449 445 455 465 487 488 480 493 487 506 509 503 485 477 470 468 471 472 477 480 479 486 483 490 494 494 498 503 513 525 533 536 542 544 565 575 584 623 707 695 638 632 596 600 592 607 681 745 748 795 727 706 733 795 810 832 841
445 449 451 456 441 443 470 447 469 464 452 431 436 452 455 465 484 482 459 456 448 453 478 483 491 491 481 472 487 484 488 479 458 459 441 447 455 463 523 513 510 508 491 512 528 515 493 489 468 470 469 476 476 475 480 486 488 491 496 499 511 510 518 530 542 551 550 557 567 594 646 707 739 656 645 645 628 679 636 630 701 689 678 675 675 694 703 727 741 780
450 450 460 472 470 474 470 474 476 475 474 456 432 445 446 485 488 486 484 494 462 459 457 463 484 507 514 514 521 501 487 482 463 460 467 452 449 455 497 490 534 504 514 505 553 510 507 505 498 488 483 475 476 483 501 489 492 497 496 503 507 512 522 539 564 599 580 562 590 620 667 747 750 657 649 694 688 696 740 660 627 697 718 739 723 717 690 705 737 768
439 449 449 468 467 473 474 464 473 476 478 476 437 440 448 487 490 486 479 508 475 461 458 460 467 480 487 494 525 562 527 507 485 462 490 480 471 451 455 462 502 530 517 529 565 556 550 539 510 496 498 489 483 492 508 513 530 528 547 521 510 513 527 550 564 585 570 580 624 679 703 787 750 678 688 724 768 781 755 710 674 723 782 802 789 794 734 702 741 762
427 428 442 458 456 462 470 466 479 462 451 448 442 442 435 450 464 452 471 482 507 471 461 461 467 474 472 486 494 515 560 526 483 468 506 552 501 538 472 471 517 513 510 501 561 606 614 590 551 519 507 492 499 483 485 491 494 502 537 553 515 514 519 526 541 544 553 570 618 683 689 761 719 695 728 769 807 877 788 722 716 779 847 856 856 835 802 708 743 763
428 452 452 460 454 458 462 474 477 465 467 460 478 450 476 456 452 448 462 478 505 501 490 465 464 469 474 480 491 506 530 554 515 499 555 561 550 503 472 467 491 483 490 499 532 571 572 601 612 581 534 522 518 508 502 492 514 504 510 548 547 519 525 529 534 542 550 553 567 581 606 679 650 645 728 759 878 839 771 794 762 833 913 964 900 869 833 733 726 754
438 432 434 438 443 446 448 455 464 471 472 462 481 468 469 491 487 482 451 470 488 518 510 501 482 487 475 474 493 505 525 561 533 548 561 562 552 500 513 523 494 475 488 502 522 512 565 594 620 624 587 571 543 529 521 516 511 521 510 515 538 546 531 537 542 547 561 589 601 596 590 608 591 628 695 739 849 833 828 842 822 841 951 1000 940 878 841 794 738 747
457 442 447 441 450 450 465 465 464 478 474 468 481 462 477 490 495 483 453 453 469 488 516 511 503 499 472 472 492 501 515 549 555 561 562 563 549 514 511 554 523 486 478 479 491 559 556 592 605 619 619 608 537 552 534 533 534 525 516 514 527 537 549 549 551 562 584 629 636 641 616 628 596 636 675 819 789 788 868 888 871 879 972 1031 944 904 869 826 763 753
435 440 455 479 457 458 450 460 465 468 462 461 480 480 453 490 494 497 478 460 463 478 493 526 516 506 498 474 486 496 502 514 556 563 562 566 564 551 498 551 558 504 493 487 489 516 539 533 538 609 626 630 605 601 589 555 569 535 528 519 523 532 549 555 561 581 622 669 692 700 670 651 619 621 639 740 717 751 800 858 917 942 1034 1065 980 938 892 835 815 786
