Pruebas/Basics/DEM.asc
ncols        136
nrows        103
xllcorner    -75.242400000000
yllcorner    2.952800000000
cellsize     0.002400000000
NODATA_value -9999
[rows 40 to 79 of 103, columns 0 to 89 of 136]
441 446 448 455 453 444 442 458 446 448 462 455 485 486 462 482 488 501 498 464 458 473 472 505 529 520 488 481 481 483 488 510 526 555 564 566 565 560 527 560 563 526 487 527 490 493 499 511 563 594 617 631 635 641 632 620 576 571 540 526 537 541 563 565 575 601 657 685 763 744 708 695 696 705 745 660 708 778 829 887 911 990 1118 1084 1025 967 911 854 865 805
438 429 447 445 430 437 448 438 454 450 456 449 453 490 494 471 461 499 500 477 459 460 460 478 507 531 505 489 483 487 489 489 503 523 552 570 568 561 561 562 566 564 522 496 568 533 516 498 519 520 537 551 574 604 636 642 647 615 574 535 552 553 556 586 605 623 642 686 782 749 757 761 763 821 731 660 692 750 808 883 920 1071 1127 1087 1047 984 932 901 855 837
423 424 435 438 426 436 432 442 448 445 448 447 460 461 476 487 464 499 501 504 503 476 462 473 482 495 539 540 502 485 490 493 499 500 529 555 566 561 565 564 566 568 571 513 515 567 577 560 507 548 567 608 609 634 647 651 654 631 553 543 563 580 582 577 609 648 692 744 738 791 801 823 827 834 703 673 712 771 825 915 1044 1051 1033 1047 1055 989 950 925 867 916
413 416 423 442 426 439 447 444 439 437 438 448 449 465 487 496 484 471 503 503 507 506 466 472 483 489 515 521 539 523 498 494 494 499 505 518 529 557 563 566 567 569 571 569 509 572 576 578 513 515 552 584 625 636 635 635 649 616 553 559 556 583 611 618 621 636 699 757 763 802 857 828 802 770 691 700 740 819 896 901 931 976 988 1029 1051 999 961 933 949 982
427 422 413 423 441 431 454 434 435 433 441 446 456 464 483 496 500 479 479 506 507 508 493 469 474 478 487 501 534 519 542 516 497 508 510 507 518 527 561 565 567 571 572 572 553 531 579 584 579 544 526 528 541 576 586 631 647 624 562 573 569 586 622 684 667 705 722 746 798 847 881 830 785 722 735 766 831 808 783 822 869 915 951 1002 1039 994 998 990 1022 1080
434 432 418 433 432 435 436 439 436 434 440 445 459 485 488 499 501 501 474 486 511 511 513 471 470 476 488 515 518 542 548 545 515 523 511 508 518 519 528 542 565 571 575 578 571 543 545 577 585 589 585 539 547 541 575 604 627 622 568 580 593 611 650 717 763 765 740 773 820 884 871 823 771 769 792 852 912 853 818 820 847 905 958 993 1027 1038 1043 1030 1071 1143
430 436 415 427 446 432 428 433 441 438 448 459 466 488 484 493 503 502 503 478 510 513 515 484 480 478 490 500 528 518 533 548 524 516 525 509 514 527 523 540 565 573 576 579 568 579 551 581 588 593 597 583 569 543 581 577 615 605 576 596 600 615 640 715 753 773 789 797 842 899 874 805 798 788 832 886 941 873 862 840 854 876 933 982 1026 1071 1075 1075 1108 1187
432 435 417 425 419 423 436 441 432 435 448 449 462 474 471 492 504 505 508 504 482 514 516 516 486 502 484 498 520 498 526 552 546 520 530 515 517 527 527 521 550 569 580 580 581 584 580 563 587 592 599 603 598 549 580 631 613 584 601 640 603 628 705 706 738 781 827 853 893 887 841 806 820 841 903 959 965 886 892 857 911 922 935 964 1015 1092 1140 1127 1201 1192
414 418 424 423 427 432 424 428 432 438 446 452 467 454 454 470 508 508 509 509 504 510 519 516 502 521 520 487 487 493 508 524 549 529 526 531 520 527 536 534 528 546 575 583 585 585 588 588 590 590 599 605 610 585 553 564 596 595 601 645 629 654 666 705 748 785 825 877 938 944 871 826 831 912 966 1025 960 927 925 904 930 968 954 981 1029 1088 1160 1193 1284 1303
413 410 414 446 431 429 425 428 429 436 442 446 450 468 466 467 508 515 513 512 514 503 492 523 521 506 529 527 505 488 503 522 542 536 532 532 538 527 537 533 537 532 559 578 586 590 589 593 598 597 602 614 627 624 557 568 593 612 610 646 678 674 698 749 757 790 846 903 955 976 858 863 875 967 1030 1048 969 969 968 973 973 987 999 1031 1035 1129 1194 1250 1328 1400
400 400 409 423 421 421 430 447 437 443 449 449 467 461 459 463 470 511 514 516 519 496 495 526 524 526 529 532 529 515 504 500 514 525 543 536 538 541 538 535 538 550 538 573 585 591 594 594 598 603 609 623 673 600 567 581 600 635 620 642 687 721 744 769 801 838 862 911 1000 930 878 909 946 1010 1091 1044 997 997 1002 1026 1030 1026 1029 1071 1095 1180 1193 1293 1383 1441
401 403 400 415 433 424 441 432 447 447 450 457 464 464 464 458 455 477 519 516 520 521 507 518 529 531 531 533 539 521 516 505 511 517 529 550 541 543 546 548 542 546 552 545 553 575 595 600 601 607 626 644 683 624 576 575 605 620 648 644 681 722 758 810 818 860 898 956 999 947 942 974 1034 1098 1167 1079 1054 1063 1076 1086 1089 1081 1082 1123 1181 1227 1288 1380 1482 1541
400 401 401 408 431 441 435 428 443 446 453 458 455 453 450 457 459 458 502 520 521 524 521 525 531 532 535 534 536 537 522 512 507 513 525 552 555 546 553 556 554 560 558 553 551 562 595 600 608 613 662 674 635 600 617 625 588 600 617 641 695 720 758 799 834 877 932 1050 1008 967 986 1036 1096 1165 1215 1122 1102 1104 1115 1117 1126 1110 1127 1165 1249 1284 1405 1467 1555 1608
402 401 400 407 414 427 425 423 435 443 446 442 439 441 451 443 448 451 457 521 526 526 527 513 532 534 538 538 540 528 521 519 510 506 522 535 566 561 554 549 557 563 568 564 563 557 563 570 610 644 638 617 673 666 645 641 647 618 630 666 705 753 763 806 848 895 941 1029 965 964 985 1084 1141 1182 1137 1116 1107 1086 1081 1092 1063 1058 1145 1217 1278 1353 1497 1551 1569 1477
404 402 403 401 408 428 425 425 430 433 437 432 434 442 441 439 454 457 452 471 523 528 530 516 525 538 539 539 539 541 531 555 517 511 512 527 538 579 562 559 558 567 569 572 563 558 563 565 593 636 596 621 651 683 656 665 648 639 624 667 720 776 772 809 828 883 938 1018 939 941 1017 1115 1157 1121 1086 1068 1075 1023 1033 1051 1014 1048 1118 1197 1258 1406 1517 1450 1507 1467
409 402 399 405 417 407 413 435 433 432 426 428 441 434 449 449 443 460 465 456 464 528 532 520 536 539 541 544 541 544 544 556 539 514 512 524 537 552 589 579 568 569 576 579 580 566 567 576 578 577 595 617 658 635 633 636 661 686 675 664 733 756 740 751 767 821 874 965 923 972 1061 1039 1038 1026 1023 1013 1011 967 988 952 967 1073 1139 1224 1324 1452 1394 1320 1389 1421
405 404 413 416 408 417 417 433 427 423 429 426 429 432 439 441 440 449 454 462 466 530 536 532 538 543 543 543 546 547 549 552 562 528 523 518 532 553 585 611 597 593 585 584 586 595 589 583 587 576 585 590 591 605 608 618 627 631 638 643 668 704 692 707 724 776 807 874 892 966 951 938 957 990 984 959 945 923 917 935 977 1099 1153 1236 1399 1346 1314 1245 1278 1321
403 403 429 425 416 424 427 425 427 428 443 437 438 440 436 443 444 452 451 457 469 534 541 540 540 546 543 545 549 551 547 555 566 569 538 522 529 542 578 574 587 617 591 612 613 614 616 613 599 598 589 592 608 619 618 620 618 625 638 645 649 653 661 678 685 737 769 790 810 850 873 911 937 940 910 908 901 890 875 936 997 1081 1181 1287 1361 1254 1154 1139 1199 1230
407 422 432 412 423 433 436 433 433 428 431 452 458 441 448 450 452 457 463 470 461 522 542 541 541 544 547 548 553 553 553 560 568 594 545 524 526 531 541 551 562 590 618 665 636 633 635 651 606 624 625 600 640 638 634 641 656 658 669 669 679 682 691 665 669 699 723 732 780 804 815 844 876 867 863 856 855 857 847 940 1009 1101 1137 1278 1244 1166 1071 1023 1084 1128
413 427 425 431 420 430 429 439 450 434 436 436 487 463 476 473 472 465 474 496 482 506 544 545 547 546 547 552 554 557 562 563 574 598 581 546 530 538 554 571 620 625 664 652 666 675 648 676 606 631 643 620 617 632 640 654 663 712 722 738 740 743 709 673 687 695 689 701 735 739 767 793 808 803 817 835 839 815 859 946 970 1028 1045 1157 1193 1075 1018 941 1031 999
435 423 434 440 433 429 432 454 492 445 447 447 449 448 450 456 468 476 480 506 482 528 548 549 551 552 549 552 558 563 568 572 580 607 620 564 537 539 538 544 618 640 643 626 610 646 676 648 641 657 655 647 627 636 648 664 712 759 789 795 797 764 730 688 704 782 728 713 700 715 725 743 753 780 776 796 783 784 832 858 850 880 881 1003 1092 1010 923 926 910 910
429 427 431 435 442 440 437 434 452 475 460 445 451 472 469 457 468 477 512 510 491 499 518 546 555 553 553 558 562 568 573 577 582 601 614 593 542 549 562 560 556 572 575 587 628 663 684 672 675 674 689 689 643 655 669 667 724 787 845 846 840 809 749 710 702 747 731 757 767 752 746 757 738 744 753 765 790 807 839 876 895 812 839 1017 993 907 921 1074 1032 1022
430 428 433 442 445 449 446 444 440 453 478 458 445 452 468 473 471 509 509 518 504 496 509 515 557 561 558 562 566 573 577 582 584 589 599 616 558 554 566 587 567 580 614 618 630 621 665 710 700 695 698 658 659 684 695 709 708 795 862 908 893 835 781 730 726 743 760 752 811 794 798 801 793 818 772 833 835 879 934 950 999 851 844 899 878 953 1046 1055 1161 1091
435 429 435 437 445 448 449 450 446 463 502 469 453 452 453 475 481 485 507 523 543 498 521 504 560 560 560 565 568 577 578 581 584 594 612 615 585 547 563 591 603 565 587 626 637 613 643 676 721 737 705 675 683 730 720 735 703 786 867 931 923 851 794 749 779 788 791 757 826 819 847 831 818 831 795 856 855 927 951 1005 1051 971 892 859 911 1042 1130 1071 1175 1070
447 442 443 448 465 463 470 470 460 473 480 484 462 463 455 459 478 486 506 516 554 521 509 515 518 563 566 570 575 578 582 585 591 593 606 637 611 556 555 574 598 625 577 587 602 626 615 640 650 712 681 684 725 758 758 757 736 778 852 926 912 872 850 800 831 840 815 783 823 867 910 874 873 826 842 861 906 942 1003 1117 1176 1047 977 964 1048 1160 1142 1089 1161 1072
444 450 464 460 461 454 457 458 456 459 464 482 484 469 464 466 487 496 501 520 551 528 514 562 552 527 565 573 577 581 585 588 593 599 611 644 618 596 559 554 585 600 643 625 643 685 659 658 679 647 681 717 757 808 799 788 790 861 880 925 959 953 888 839 870 895 879 824 801 855 920 918 903 852 884 910 913 1019 1038 1179 1249 1096 1048 1142 1231 1297 1214 1201 1170 1153
441 448 451 449 456 449 451 454 461 470 463 466 469 486 487 496 486 519 510 526 555 560 523 541 568 554 564 575 583 586 589 590 597 601 610 643 675 609 570 562 572 588 602 630 650 664 693 652 629 658 721 750 784 847 862 819 830 869 920 953 988 969 906 906 937 956 930 861 838 838 893 946 915 880 893 936 969 1054 1117 1245 1258 1157 1226 1278 1377 1401 1313 1214 1256 1262
433 438 442 442 448 449 459 467 469 476 478 476 474 476 487 502 523 497 549 548 553 584 563 523 549 573 558 554 580 588 590 594 604 611 618 619 631 647 580 569 574 581 594 633 646 627 653 617 639 678 713 770 810 865 882 863 851 876 922 980 1031 989 970 984 981 1007 960 919 884 827 856 897 923 926 928 963 1035 1082 1185 1334 1383 1324 1347 1412 1427 1361 1268 1333 1350 1412
432 429 450 459 459 456 454 450 465 473 478 481 488 484 490 496 505 523 532 546 580 589 575 544 555 579 582 547 585 583 596 601 605 614 622 624 623 627 617 575 593 625 588 593 595 601 615 625 645 679 731 781 840 889 902 887 890 889 920 1014 1048 1034 1043 1079 1078 1055 1022 963 939 892 851 860 897 916 949 1006 1083 1143 1205 1319 1445 1489 1471 1462 1372 1370 1378 1454 1473 1373
433 448 465 467 474 460 460 460 457 461 471 483 485 495 498 496 501 538 553 567 539 551 583 569 586 559 589 567 575 599 600 605 611 614 617 621 629 630 634 587 590 632 648 630 604 618 643 659 678 692 736 804 849 901 913 922 917 919 953 1059 1108 1114 1113 1092 1099 1129 1059 1009 973 937 887 904 891 899 922 989 1080 1171 1240 1384 1475 1553 1443 1361 1362 1426 1488 1460 1425 1326
441 446 448 450 461 463 467 467 456 459 460 480 473 491 491 498 506 524 511 526 530 560 580 589 588 564 591 594 599 594 606 613 613 618 620 622 629 636 636 637 589 617 649 675 620 624 641 651 679 700 729 772 831 857 876 892 933 966 1026 1068 1157 1105 1088 1093 1105 1142 1124 1044 1025 974 921 946 961 947 950 999 1046 1123 1256 1373 1345 1451 1478 1367 1342 1487 1387 1321 1252 1289
435 446 454 457 456 470 466 467 456 457 463 464 467 478 479 487 516 518 522 551 543 565 567 583 589 570 591 602 600 606 603 613 615 619 624 626 632 638 641 642 628 596 623 682 674 636 637 650 667 693 707 745 787 821 867 890 938 1018 1029 1137 1106 1063 1059 1076 1089 1150 1159 1103 1060 996 953 976 996 981 979 967 1031 1104 1220 1283 1270 1380 1373 1325 1390 1501 1347 1216 1178 1185
441 448 460 465 470 478 473 470 475 475 470 469 464 495 499 508 502 498 515 530 556 580 600 582 590 578 589 609 609 608 611 611 617 622 626 631 635 638 645 649 654 637 605 634 669 683 670 666 681 748 750 770 810 851 889 913 972 1041 1118 1083 1041 1035 1040 1060 1092 1170 1239 1161 1106 1037 1016 1045 1052 1026 1026 990 1090 1125 1197 1182 1204 1236 1274 1292 1389 1422 1305 1197 1148 1112
437 450 464 474 473 476 476 472 475 477 480 485 483 471 476 477 508 514 532 561 581 563 586 591 572 591 615 604 610 613 610 613 621 626 630 634 638 643 648 654 660 665 627 611 608 623 649 642 706 748 775 796 835 901 908 941 995 1090 1061 1012 986 1004 1022 1069 1127 1184 1187 1200 1137 1088 1056 1098 1096 1064 1026 1028 1097 1210 1345 1282 1332 1359 1313 1334 1394 1501 1374 1300 1148 1182
453 454 461 457 463 465 481 477 474 480 485 487 491 492 480 482 522 529 556 541 575 563 558 553 566 604 633 615 612 612 617 621 623 626 631 640 645 649 655 658 664 671 675 664 673 617 641 660 705 751 796 819 859 902 950 977 1060 1037 977 951 977 980 1018 1051 1130 1125 1184 1217 1196 1139 1120 1154 1145 1107 1063 1062 1125 1204 1361 1404 1436 1365 1394 1366 1379 1455 1313 1216 1191 1140
462 448 462 469 474 474 472 485 484 484 484 489 495 496 478 480 503 528 519 565 578 536 562 608 609 596 604 624 617 617 619 623 628 632 639 643 650 653 660 663 668 671 679 687 697 629 660 684 706 719 753 810 859 905 945 974 1033 954 930 926 950 995 1032 1028 1071 1101 1160 1225 1226 1177 1189 1193 1199 1161 1095 1113 1202 1221 1305 1347 1420 1372 1430 1376 1439 1481 1361 1264 1189 1178
460 461 457 468 483 488 497 488 490 496 492 494 498 500 497 481 491 510 519 537 532 548 589 600 618 586 596 619 633 621 626 628 633 636 641 647 654 658 665 667 673 677 683 688 730 683 642 653 711 772 796 830 864 890 939 1005 963 912 915 937 980 1020 1075 1047 1101 1105 1157 1204 1248 1240 1239 1237 1232 1185 1173 1178 1247 1341 1295 1309 1339 1463 1511 1444 1448 1500 1467 1285 1213 1154
463 472 480 467 474 474 483 488 497 498 505 501 503 513 520 492 484 501 514 523 536 554 582 567 573 566 608 611 638 632 634 653 637 641 647 650 658 663 670 671 678 682 688 694 739 740 696 665 741 776 795 805 842 883 970 960 900 869 885 942 980 1028 1089 1132 1121 1117 1148 1184 1235 1246 1230 1203 1218 1240 1228 1205 1313 1414 1360 1325 1373 1495 1535 1480 1514 1527 1405 1300 1217 1206
453 457 474 487 480 481 468 476 493 496 517 517 525 531 536 550 492 495 496 502 531 542 545 547 586 607 583 622 650 645 640 653 653 644 649 655 660 665 672 676 680 684 693 718 726 738 741 724 718 740 759 814 851 875 969 904 833 846 952 952 1003 1058 1106 1149 1155 1203 1152 1160 1205 1200 1185 1191 1212 1248 1269 1261 1344 1472 1402 1399 1438 1534 1602 1551 1537 1453 1344 1238 1269 1208
458 449 473 471 474 470 471 483 496 510 515 522 538 543 548 562 501 496 497 512 526 535 542 544 556 563 576 589 616 617 632 631 648 652 652 659 662 668 672 677 681 686 702 725 730 738 746 743 753 754 779 800 829 873 945 875 822 853 949 963 1018 1064 1115 1179 1158 1215 1200 1151 1179 1183 1168 1189 1206 1255 1288 1299 1362 1494 1460 1524 1491 1504 1612 1566 1501 1527 1408 1311 1226 1215
